xof 0303txt 0032
template ColorRGBA {
 <35ff44e0-6c7c-11cf-8f52-0040333594a3>
 FLOAT red;
 FLOAT green;
 FLOAT blue;
 FLOAT alpha;
}

template ColorRGB {
 <d3e16e81-7835-11cf-8f52-0040333594a3>
 FLOAT red;
 FLOAT green;
 FLOAT blue;
}

template Material {
 <3d82ab4d-62da-11cf-ab39-0020af71e433>
 ColorRGBA faceColor;
 FLOAT power;
 ColorRGB specularColor;
 ColorRGB emissiveColor;
 [...]
}

template TextureFilename {
 <a42790e1-7810-11cf-8f52-0040333594a3>
 STRING filename;
}

template Frame {
 <3d82ab46-62da-11cf-ab39-0020af71e433>
 [...]
}

template Matrix4x4 {
 <f6f23f45-7686-11cf-8f52-0040333594a3>
 array FLOAT matrix[16];
}

template FrameTransformMatrix {
 <f6f23f41-7686-11cf-8f52-0040333594a3>
 Matrix4x4 frameMatrix;
}

template Vector {
 <3d82ab5e-62da-11cf-ab39-0020af71e433>
 FLOAT x;
 FLOAT y;
 FLOAT z;
}

template MeshFace {
 <3d82ab5f-62da-11cf-ab39-0020af71e433>
 DWORD nFaceVertexIndices;
 array DWORD faceVertexIndices[nFaceVertexIndices];
}

template Mesh {
 <3d82ab44-62da-11cf-ab39-0020af71e433>
 DWORD nVertices;
 array Vector vertices[nVertices];
 DWORD nFaces;
 array MeshFace faces[nFaces];
 [...]
}

template MeshNormals {
 <f6f23f43-7686-11cf-8f52-0040333594a3>
 DWORD nNormals;
 array Vector normals[nNormals];
 DWORD nFaceNormals;
 array MeshFace faceNormals[nFaceNormals];
}

template MeshMaterialList {
 <f6f23f42-7686-11cf-8f52-0040333594a3>
 DWORD nMaterials;
 DWORD nFaceIndexes;
 array DWORD faceIndexes[nFaceIndexes];
 [Material <3d82ab4d-62da-11cf-ab39-0020af71e433>]
}

template Coords2d {
 <f6f23f44-7686-11cf-8f52-0040333594a3>
 FLOAT u;
 FLOAT v;
}

template MeshTextureCoords {
 <f6f23f40-7686-11cf-8f52-0040333594a3>
 DWORD nTextureCoords;
 array Coords2d textureCoords[nTextureCoords];
}

template XSkinMeshHeader {
 <3cf169ce-ff7c-44ab-93c0-f78f62d172e2>
 WORD nMaxSkinWeightsPerVertex;
 WORD nMaxSkinWeightsPerFace;
 WORD nBones;
}

template SkinWeights {
 <6f0d123b-bad2-4167-a0d0-80224f25fabb>
 STRING transformNodeName;
 DWORD nWeights;
 array DWORD vertexIndices[nWeights];
 array FLOAT weights[nWeights];
 Matrix4x4 matrixOffset;
}

template AnimTicksPerSecond {
 <9e415a43-7ba6-4a73-8743-b73d47e88476>
 DWORD AnimTicksPerSecond;
}

template Animation {
 <3d82ab4f-62da-11cf-ab39-0020af71e433>
 [...]
}

template AnimationSet {
 <3d82ab50-62da-11cf-ab39-0020af71e433>
 [Animation <3d82ab4f-62da-11cf-ab39-0020af71e433>]
}

template FloatKeys {
 <10dd46a9-775b-11cf-8f52-0040333594a3>
 DWORD nValues;
 array FLOAT values[nValues];
}

template TimedFloatKeys {
 <f406b180-7b3b-11cf-8f52-0040333594a3>
 DWORD time;
 FloatKeys tfkeys;
}

template AnimationKey {
 <10dd46a8-775b-11cf-8f52-0040333594a3>
 DWORD keyType;
 DWORD nKeys;
 array TimedFloatKeys keys[nKeys];
}


Material Toad_MI {
 1.000000;1.000000;1.000000;1.000000;;
 10.000000;
 0.000000;0.000000;0.000000;;
 0.000000;0.000000;0.000000;;

 TextureFilename {
  "Toad_diff.tga";
 }
}

Frame Dummy_root {
 

 FrameTransformMatrix {
  1.000000,0.000000,0.000000,0.000000,0.000000,1.000000,0.000000,0.000000,0.000000,-0.000000,1.000000,0.000000,0.000000,0.000000,0.000000,1.000000;;
 }

 Frame FxBottom {
  

  FrameTransformMatrix {
   1.000000,0.000000,0.000000,0.000000,0.000000,1.000000,0.000000,0.000000,0.000000,-0.000000,1.000000,0.000000,0.000000,0.000000,-0.000000,1.000000;;
  }
 }

 Frame Bip01 {
  

  FrameTransformMatrix {
   0.446198,-0.894934,0.000001,0.000000,0.894934,0.446198,-0.000000,0.000000,-0.000000,0.000001,1.000000,0.000000,-10.000070,7.567621,0.005146,1.000000;;
  }

  Frame Bip01-Pelvis {
   

   FrameTransformMatrix {
    -0.000000,1.000000,-0.000001,0.000000,-0.000001,0.000001,1.000000,0.000000,1.000000,0.000000,0.000001,0.000000,0.000000,0.000000,0.000000,1.000000;;
   }

   Frame Bip01-Spine {
    

    FrameTransformMatrix {
     0.787520,0.000001,0.616289,0.000000,-0.000003,1.000000,0.000003,0.000000,-0.616289,-0.000005,0.787520,0.000000,5.399431,0.000006,0.065422,1.000000;;
    }

    Frame Bip01-Neck {
     

     FrameTransformMatrix {
      1.000000,-0.000000,0.000000,0.000000,-0.000000,1.000000,-0.000000,0.000000,0.000000,0.000000,1.000000,0.000000,11.705452,-0.000001,0.246109,1.000000;;
     }

     Frame Bip01-Head {
      

      FrameTransformMatrix {
       -0.191592,-0.000005,-0.981475,0.000000,0.000003,1.000000,-0.000005,0.000000,0.981475,-0.000004,-0.191592,0.000000,0.255684,0.000000,0.000002,1.000000;;
      }

      Frame Bip01-HeadNub {
       

       FrameTransformMatrix {
        1.000000,0.000000,0.000000,0.000000,0.000000,1.000000,-0.000000,0.000000,0.000000,-0.000000,1.000000,0.000000,5.802922,-0.000001,0.000000,1.000000;;
       }
      }

      Frame Bip01-Ponytail1 {
       

       FrameTransformMatrix {
        0.035236,0.000002,0.999379,0.000000,-0.000003,1.000000,-0.000002,0.000000,-0.999379,-0.000003,0.035236,0.000000,-0.661310,-0.000004,0.779540,1.000000;;
       }

       Frame Bip01-Ponytail1Nub {
        

        FrameTransformMatrix {
         0.000796,0.000508,1.000000,0.000000,-0.000505,-1.000000,0.000509,0.000000,1.000000,-0.000506,-0.000796,0.000000,6.180071,0.000000,-0.000001,1.000000;;
        }
       }

       Frame Bone01 {
        

        FrameTransformMatrix {
         0.897227,0.000113,-0.441570,0.000000,-0.000116,-1.000000,-0.000491,0.000000,-0.441570,0.000491,-0.897227,0.000000,0.975061,-0.005152,0.551969,1.000000;;
        }

        Frame Bone11 {
         

         FrameTransformMatrix {
          0.213308,0.000002,-0.976985,0.000000,-0.000005,1.000000,0.000001,0.000000,0.976985,0.000005,0.213308,0.000000,0.439178,0.000000,0.000001,1.000000;;
         }

         Frame Bone02 {
          

          FrameTransformMatrix {
           -0.922994,-0.000001,0.384815,0.000000,-0.000000,1.000000,0.000002,0.000000,-0.384815,0.000002,-0.922994,0.000000,3.062918,-0.000000,0.000002,1.000000;;
          }

          Frame Bone03 {
           

           FrameTransformMatrix {
            0.025420,0.000002,-0.999677,0.000000,0.000000,1.000000,0.000002,0.000000,0.999677,-0.000000,0.025420,0.000000,3.125424,0.000001,-0.000002,1.000000;;
           }

           Frame Bone04 {
            

            FrameTransformMatrix {
             0.106590,-0.000009,-0.994303,0.000000,0.000040,1.000000,-0.000004,0.000000,0.994303,-0.000040,0.106590,0.000000,1.033014,0.000000,0.000001,1.000000;;
            }

            Frame Bone05 {
             

             FrameTransformMatrix {
              -0.983706,-0.000002,0.179787,0.000000,-0.000001,1.000000,0.000005,0.000000,-0.179787,0.000005,-0.983706,0.000000,2.168204,-0.000000,0.000050,1.000000;;
             }

             Frame Bone06 {
              

              FrameTransformMatrix {
               -0.301777,0.000064,-0.953379,0.000000,0.000010,1.000000,0.000064,0.000000,0.953379,0.000010,-0.301777,0.000000,2.113020,0.000000,-0.000002,1.000000;;
              }

              Frame Bone07 {
               

               FrameTransformMatrix {
                0.424359,-0.000008,-0.905494,0.000000,0.000018,1.000000,-0.000001,0.000000,0.905494,-0.000016,0.424359,0.000000,0.814336,-0.000000,0.000000,1.000000;;
               }

               Frame Bone08 {
                

                FrameTransformMatrix {
                 -0.968243,-0.000003,0.250013,0.000000,-0.000002,1.000000,0.000005,0.000000,-0.250013,0.000004,-0.968242,0.000000,1.750621,0.000000,-0.000001,1.000000;;
                }

                Frame Bone09 {
                 

                 FrameTransformMatrix {
                  -0.295546,0.000014,-0.955329,0.000000,-0.000001,1.000000,0.000015,0.000000,0.955329,0.000005,-0.295545,0.000000,1.676777,-0.000000,0.000000,1.000000;;
                 }

                 Frame Bone10 {
                  

                  FrameTransformMatrix {
                   0.998769,-0.000000,0.049604,0.000000,-0.000001,1.000000,0.000016,0.000000,-0.049604,-0.000016,0.998769,0.000000,0.993422,-0.000000,0.000002,1.000000;;
                  }
                 }
                }
               }
              }
             }
            }
           }
          }
         }
        }

        Frame Dummy01 {
         

         FrameTransformMatrix {
          0.988070,0.000001,-0.154005,0.000000,-0.000001,1.000000,-0.000001,0.000000,0.154005,0.000001,0.988070,0.000000,1.652193,0.000003,0.082478,1.000000;;
         }

         Frame Dummy02 {
          

          FrameTransformMatrix {
           0.990931,0.000000,-0.134370,0.000000,-0.000000,1.000000,-0.000000,0.000000,0.134370,0.000000,0.990931,0.000000,1.420337,0.000002,-0.048660,1.000000;;
          }

          Frame Dummy03 {
           

           FrameTransformMatrix {
            0.935830,-0.000000,-0.352452,0.000000,0.000000,1.000000,-0.000000,0.000000,0.352452,0.000000,0.935830,0.000000,1.225668,0.000003,-0.242641,1.000000;;
           }

           Frame Dummy04 {
            

            FrameTransformMatrix {
             0.998769,0.000000,0.049604,0.000000,-0.000000,1.000000,0.000000,0.000000,-0.049604,-0.000000,0.998769,0.000000,0.993421,0.000020,0.000003,1.000000;;
            }
           }
          }
         }
        }
       }
      }

      Frame Bone13 {
       

       FrameTransformMatrix {
        0.034288,0.831485,0.554489,0.000000,-0.085459,-0.550343,0.830553,0.000000,0.995752,-0.075864,0.052187,0.000000,2.487111,2.298014,4.058959,1.000000;;
       }
      }

      Frame Bone12 {
       

       FrameTransformMatrix {
        0.034294,-0.831481,0.554494,0.000000,-0.085461,0.550348,0.830550,0.000000,-0.995751,-0.075871,-0.052186,0.000000,2.487125,-2.341009,4.058974,1.000000;;
       }
      }

      Frame FxTop {
       

       FrameTransformMatrix {
        0.008726,0.000002,0.999962,0.000000,0.999962,0.000003,-0.008726,0.000000,-0.000003,1.000000,-0.000002,0.000000,8.361868,-0.005113,3.645622,1.000000;;
       }
      }
     }
    }

    Frame Bone24 {
     

     FrameTransformMatrix {
      -0.051530,0.020514,0.998461,0.000000,0.998671,0.000007,0.051541,0.000000,0.001051,0.999790,-0.020487,0.000000,3.357564,-0.003218,1.997060,1.000000;;
     }

     Frame Bone25 {
      

      FrameTransformMatrix {
       0.377609,0.121068,0.918016,0.000000,-0.344963,0.938442,0.018133,0.000000,-0.859309,-0.323528,0.396128,0.000000,2.138914,0.000001,-0.000000,1.000000;;
      }

      Frame Bone26 {
       

       FrameTransformMatrix {
        -0.749634,-0.000000,-0.661852,0.000000,-0.000000,1.000000,0.000000,0.000000,0.661852,0.000001,-0.749634,0.000000,5.336361,-0.000002,0.000004,1.000000;;
       }

       Frame Bone27 {
        

        FrameTransformMatrix {
         0.328951,-0.279233,0.902120,0.000000,0.095640,0.960223,0.262343,0.000000,-0.939492,-0.000019,0.342572,0.000000,5.350767,0.000002,-0.000004,1.000000;;
        }

        Frame Bone28 {
         

         FrameTransformMatrix {
          0.999777,-0.000000,0.021114,0.000000,0.000000,1.000000,0.000001,0.000000,-0.021114,-0.000001,0.999777,0.000000,1.533275,-0.000000,0.000002,1.000000;;
         }
        }
       }
      }
     }

     Frame Dummy09 {
      

      FrameTransformMatrix {
       0.999294,0.000000,-0.037583,0.000000,-0.000000,1.000000,-0.000006,0.000000,0.037583,0.000006,0.999293,0.000000,4.014233,-0.000034,-0.086015,1.000000;;
      }

      Frame Dummy10 {
       

       FrameTransformMatrix {
        0.999777,-0.000000,0.021114,0.000000,0.000000,1.000000,0.000000,0.000000,-0.021114,0.000000,0.999777,0.000000,1.533274,-0.000144,-0.000000,1.000000;;
       }
      }
     }
    }

    Frame Bone14 {
     

     FrameTransformMatrix {
      -0.011001,-0.976954,0.213167,0.000000,0.998671,-0.000000,0.051540,0.000000,-0.050352,0.213451,0.975655,0.000000,3.363551,-1.261409,1.880987,1.000000;;
     }

     Frame Bone15 {
      

      FrameTransformMatrix {
       0.693419,0.058843,-0.718128,0.000000,-0.086805,0.996223,-0.002187,0.000000,0.715287,0.063854,0.695907,0.000000,2.138912,0.000000,0.000002,1.000000;;
      }

      Frame Bone16 {
       

       FrameTransformMatrix {
        -0.096726,0.000000,0.995311,0.000000,0.000000,1.000000,-0.000000,0.000000,-0.995311,0.000000,-0.096726,0.000000,4.308773,0.000000,-0.000003,1.000000;;
       }

       Frame Bone17 {
        

        FrameTransformMatrix {
         0.687050,-0.087028,-0.721380,0.000000,0.059605,0.996206,-0.063415,0.000000,0.724162,0.000571,0.689630,0.000000,4.236365,0.000000,0.000002,1.000000;;
        }

        Frame Bone18 {
         

         FrameTransformMatrix {
          0.996623,0.000040,-0.082109,0.000000,-0.000040,1.000000,0.000002,0.000000,0.082109,0.000001,0.996623,0.000000,2.216268,0.000000,0.000001,1.000000;;
         }
        }
       }
      }
     }

     Frame Dummy05 {
      

      FrameTransformMatrix {
       0.998394,-0.000000,0.056653,0.000000,0.000000,1.000000,0.000001,0.000000,-0.056653,-0.000001,0.998394,0.000000,7.858537,0.498605,0.134797,1.000000;;
      }

      Frame Dummy06 {
       

       FrameTransformMatrix {
        0.996623,0.000000,-0.082109,0.000000,-0.000000,1.000000,-0.000000,0.000000,0.082109,0.000000,0.996623,0.000000,2.216269,0.000226,-0.000000,1.000000;;
       }
      }
     }
    }

    Frame Bone19 {
     

     FrameTransformMatrix {
      -0.011002,0.976954,0.213166,0.000000,0.998671,0.000000,0.051540,0.000000,0.050352,0.213450,-0.975656,0.000000,3.363554,1.240187,1.880984,1.000000;;
     }

     Frame Bone20 {
      

      FrameTransformMatrix {
       0.697170,0.059229,0.714455,0.000000,-0.086699,0.996233,0.002012,0.000000,-0.711644,-0.063345,0.699679,0.000000,2.138913,0.000001,-0.000001,1.000000;;
      }

      Frame Bone21 {
       

       FrameTransformMatrix {
        -0.086717,-0.000000,-0.996233,0.000000,-0.000000,1.000000,-0.000000,0.000000,0.996233,0.000000,-0.086717,0.000000,4.287399,0.000000,-0.000001,1.000000;;
       }

       Frame Bone22 {
        

        FrameTransformMatrix {
         0.690228,-0.086869,0.718358,0.000000,0.060109,0.996220,0.062714,0.000000,-0.721091,-0.000107,0.692841,0.000000,4.210714,0.000001,-0.000008,1.000000;;
        }

        Frame Bone23 {
         

         FrameTransformMatrix {
          0.996623,-0.000000,0.082109,0.000000,0.000000,1.000000,0.000003,0.000000,-0.082109,-0.000003,0.996623,0.000000,2.216271,0.000000,-0.000002,1.000000;;
         }
        }
       }
      }
     }

     Frame Dummy07 {
      

      FrameTransformMatrix {
       0.998416,0.000000,-0.056264,0.000000,-0.000000,1.000000,0.000000,0.000000,0.056264,-0.000000,0.998416,0.000000,4.014217,0.000001,-0.086325,1.000000;;
      }

      Frame Dummy08 {
       

       FrameTransformMatrix {
        0.996624,-0.000000,0.082109,0.000000,0.000000,1.000000,0.000000,0.000000,-0.082109,-0.000000,0.996623,0.000000,2.216270,-0.000005,0.000001,1.000000;;
       }
      }
     }
    }

    Frame FxCenter {
     

     FrameTransformMatrix {
      0.979766,-0.000001,-0.200149,0.000000,-0.200149,-0.000001,-0.979766,0.000000,0.000001,1.000000,-0.000002,0.000000,3.157799,-0.005147,1.035275,1.000000;;
     }
    }

    Frame Bip01-L-Clavicle {
     

     FrameTransformMatrix {
      0.118833,0.672062,0.730898,0.000000,0.992914,-0.080033,-0.087842,0.000000,-0.000539,0.736158,-0.676810,0.000000,6.451017,4.678659,-0.797274,1.000000;;
     }

     Frame Bip01-L-UpperArm {
      

      FrameTransformMatrix {
       0.884450,0.163915,-0.436898,0.000000,0.367534,0.332187,0.868660,0.000000,0.287519,-0.928861,0.233558,0.000000,2.461356,0.000001,0.000001,1.000000;;
      }

      Frame Bip01-L-Forearm {
       

       FrameTransformMatrix {
        0.693223,-0.000000,-0.720723,0.000000,0.000000,1.000000,-0.000000,0.000000,0.720723,0.000000,0.693223,0.000000,4.856462,0.000001,-0.000000,1.000000;;
       }

       Frame Bip01-L-Hand {
        

        FrameTransformMatrix {
         0.587569,-0.255640,-0.767732,0.000000,0.344528,0.937523,-0.048499,0.000000,0.732164,-0.236009,0.638934,0.000000,2.955494,-0.000001,0.000001,1.000000;;
        }

        Frame Bip01-L-Finger0 {
         

         FrameTransformMatrix {
          0.954855,-0.295591,-0.029625,0.000000,0.296852,0.945554,0.133443,0.000000,-0.011432,-0.136213,0.990614,0.000000,1.936172,-1.652208,0.115759,1.000000;;
         }

         Frame Bip01-L-Finger0Nub {
          

          FrameTransformMatrix {
           1.000000,-0.000000,-0.000000,0.000000,-0.000000,1.000000,0.000000,0.000000,0.000000,0.000000,1.000000,0.000000,2.429909,-0.000000,0.000000,1.000000;;
          }
         }
        }

        Frame Bip01-L-Finger1 {
         

         FrameTransformMatrix {
          0.992113,0.125346,0.000100,0.000000,-0.125303,0.991746,0.027177,0.000000,0.003308,-0.026975,0.999631,0.000000,2.102071,0.052058,0.157634,1.000000;;
         }

         Frame Bip01-L-Finger1Nub {
          

          FrameTransformMatrix {
           1.000000,0.000000,-0.000000,0.000000,-0.000000,1.000000,0.000000,0.000000,-0.000000,-0.000000,1.000000,0.000000,2.648462,0.000000,0.000000,1.000000;;
          }
         }
        }

        Frame Bip01-L-Finger2 {
         

         FrameTransformMatrix {
          0.799027,0.600385,-0.033064,0.000000,-0.600817,0.799376,-0.004123,0.000000,0.023955,0.023159,0.999445,0.000000,0.953585,1.391820,0.001108,1.000000;;
         }

         Frame Bip01-L-Finger2Nub {
          

          FrameTransformMatrix {
           1.000000,-0.000000,0.000000,0.000000,0.000000,1.000000,0.000000,0.000000,0.000000,0.000000,1.000000,0.000000,2.056518,-0.000002,0.000000,1.000000;;
          }
         }
        }

        Frame FxHand00 {
         

         FrameTransformMatrix {
          0.734763,0.676635,0.047836,0.000000,0.027613,0.040627,-0.998793,0.000000,-0.677761,0.735197,0.011167,0.000000,1.134879,0.698713,2.321619,1.000000;;
         }
        }
       }
      }
     }
    }

    Frame Bip01-R-Clavicle {
     

     FrameTransformMatrix {
      0.118833,-0.672058,0.730902,0.000000,-0.992914,-0.080033,0.087842,0.000000,-0.000539,-0.736161,-0.676807,0.000000,6.451017,-4.678664,-0.797249,1.000000;;
     }

     Frame Bip01-R-UpperArm {
      

      FrameTransformMatrix {
       0.884450,-0.163915,-0.436898,0.000000,-0.367534,0.332186,-0.868660,0.000000,0.287518,0.928862,0.233558,0.000000,2.461356,0.000000,0.000001,1.000000;;
      }

      Frame Bip01-R-Forearm {
       

       FrameTransformMatrix {
        0.693222,0.000000,-0.720724,0.000000,-0.000000,1.000000,0.000000,0.000000,0.720724,0.000000,0.693222,0.000000,4.856460,0.000000,-0.000001,1.000000;;
       }

       Frame Bip01-R-Hand {
        

        FrameTransformMatrix {
         0.587569,0.255640,-0.767731,0.000000,-0.344528,0.937523,0.048499,0.000000,0.732163,0.236008,0.638934,0.000000,2.955493,0.000000,0.000000,1.000000;;
        }

        Frame Bip01-R-Finger0 {
         

         FrameTransformMatrix {
          0.954855,0.295591,-0.029625,0.000000,-0.296852,0.945554,-0.133443,0.000000,-0.011432,0.136213,0.990614,0.000000,1.936172,1.652207,0.115759,1.000000;;
         }

         Frame Bip01-R-Finger0Nub {
          

          FrameTransformMatrix {
           -1.000000,-0.000000,-0.000690,0.000000,-0.000000,1.000000,-0.000000,0.000000,0.000690,-0.000000,-1.000000,0.000000,2.429909,0.000000,0.000000,1.000000;;
          }
         }
        }

        Frame Bip01-R-Finger1 {
         

         FrameTransformMatrix {
          0.992113,-0.125347,0.000100,0.000000,0.125303,0.991747,-0.027177,0.000000,0.003308,0.026975,0.999631,0.000000,2.102072,-0.052059,0.157635,1.000000;;
         }

         Frame Bip01-R-Finger1Nub {
          

          FrameTransformMatrix {
           -1.000000,0.000000,-0.000690,0.000000,0.000000,1.000000,0.000000,0.000000,0.000690,0.000000,-1.000000,0.000000,2.648463,0.000000,0.000000,1.000000;;
          }
         }
        }

        Frame Bip01-R-Finger2 {
         

         FrameTransformMatrix {
          0.799028,-0.600385,-0.033064,0.000000,0.600817,0.799376,0.004123,0.000000,0.023955,-0.023159,0.999445,0.000000,0.953586,-1.391823,0.001108,1.000000;;
         }

         Frame Bip01-R-Finger2Nub {
          

          FrameTransformMatrix {
           -1.000000,-0.000000,-0.000690,0.000000,-0.000000,1.000000,-0.000000,0.000000,0.000690,-0.000000,-1.000000,0.000000,2.056518,0.000002,0.000000,1.000000;;
          }
         }
        }

        Frame FxHand01 {
         

         FrameTransformMatrix {
          0.734763,-0.676636,0.047836,0.000000,0.027615,-0.040625,-0.998793,0.000000,0.677762,0.735197,-0.011164,0.000000,1.133741,-0.708981,2.321695,1.000000;;
         }
        }
       }
      }
     }
    }
   }

   Frame Bip01-L-Thigh {
    

    FrameTransformMatrix {
     0.532647,0.618858,0.577323,0.000000,0.622445,-0.748648,0.228231,0.000000,0.573454,0.237785,-0.783970,0.000000,-0.000005,4.776504,0.000006,1.000000;;
    }

    Frame Bip01-L-Calf {
     

     FrameTransformMatrix {
      -0.397409,0.000000,-0.917642,0.000000,0.000000,1.000000,0.000000,0.000000,0.917642,-0.000000,-0.397409,0.000000,7.646937,-0.000002,-0.000000,1.000000;;
     }

     Frame Bip01-L-Foot {
      

      FrameTransformMatrix {
       0.726784,-0.015937,0.686681,0.000000,-0.095569,0.987660,0.124073,0.000000,-0.680185,-0.155800,0.716292,0.000000,3.711381,-0.000002,0.000000,1.000000;;
      }

      Frame Bip01-L-Toe0 {
       

       FrameTransformMatrix {
        -0.000000,-0.492424,0.870356,0.000000,-0.000000,0.870355,0.492424,0.000000,-1.000000,0.000000,-0.000000,0.000000,2.497135,-1.138486,2.744179,1.000000;;
       }

       Frame Bip01-L-Toe0Nub {
        

        FrameTransformMatrix {
         -1.000000,0.000000,-0.000690,0.000000,0.000000,1.000000,-0.000000,0.000000,0.000690,-0.000000,-1.000000,0.000000,1.486838,-0.000001,0.000000,1.000000;;
        }
       }
      }

      Frame Bip01-L-Toe1 {
       

       FrameTransformMatrix {
        -0.000000,-0.000000,1.000000,0.000000,0.000000,1.000000,-0.000000,0.000000,-1.000000,0.000000,-0.000000,0.000000,2.497134,0.199426,2.882734,1.000000;;
       }

       Frame Bip01-L-Toe1Nub {
        

        FrameTransformMatrix {
         -1.000000,0.000000,-0.000690,0.000000,0.000000,1.000000,0.000000,0.000000,0.000690,-0.000000,-1.000000,0.000000,2.126241,0.000001,0.000000,1.000000;;
        }
       }
      }

      Frame Bip01-L-Toe2 {
       

       FrameTransformMatrix {
        0.000000,0.529919,0.848048,0.000000,0.000000,0.848048,-0.529919,0.000000,-1.000000,0.000000,0.000000,0.000000,2.497135,1.319821,2.255505,1.000000;;
       }

       Frame Bip01-L-Toe2Nub {
        

        FrameTransformMatrix {
         -1.000000,0.000000,-0.000690,0.000000,0.000000,1.000000,0.000000,0.000000,0.000690,0.000000,-1.000000,0.000000,1.936681,0.000000,0.000000,1.000000;;
        }
       }
      }
     }
    }
   }

   Frame Bip01-R-Thigh {
    

    FrameTransformMatrix {
     0.532649,-0.618830,0.577351,0.000000,-0.622469,-0.748649,-0.228161,0.000000,0.573426,-0.237853,-0.783970,0.000000,0.000007,-4.776504,-0.000007,1.000000;;
    }

    Frame Bip01-R-Calf {
     

     FrameTransformMatrix {
      -0.397408,-0.000000,-0.917642,0.000000,-0.000000,1.000000,-0.000000,0.000000,0.917642,0.000000,-0.397408,0.000000,7.646935,0.000001,-0.000001,1.000000;;
     }

     Frame Bip01-R-Foot {
      

      FrameTransformMatrix {
       0.726783,0.015938,0.686682,0.000000,0.095570,0.987660,-0.124076,0.000000,-0.680185,0.155802,0.716291,0.000000,3.711382,-0.000003,0.000000,1.000000;;
      }

      Frame Bip01-R-Toe0 {
       

       FrameTransformMatrix {
        -0.000000,0.492424,0.870356,0.000000,-0.000000,0.870355,-0.492424,0.000000,-1.000000,-0.000000,-0.000000,0.000000,2.497135,1.138483,2.744177,1.000000;;
       }

       Frame Bip01-R-Toe0Nub {
        

        FrameTransformMatrix {
         1.000000,-0.000000,-0.000000,0.000000,-0.000000,1.000000,0.000000,0.000000,0.000000,-0.000000,1.000000,0.000000,1.486840,-0.000000,0.000000,1.000000;;
        }
       }
      }

      Frame Bip01-R-Toe1 {
       

       FrameTransformMatrix {
        0.000000,0.000000,1.000000,0.000000,-0.000000,1.000000,-0.000000,0.000000,-1.000000,-0.000000,0.000000,0.000000,2.497134,-0.199428,2.882734,1.000000;;
       }

       Frame Bip01-R-Toe1Nub {
        

        FrameTransformMatrix {
         1.000000,-0.000000,0.000000,0.000000,0.000000,1.000000,0.000000,0.000000,0.000000,-0.000000,1.000000,0.000000,2.126241,0.000003,0.000000,1.000000;;
        }
       }
      }

      Frame Bip01-R-Toe2 {
       

       FrameTransformMatrix {
        0.000000,-0.529919,0.848048,0.000000,-0.000000,0.848048,0.529919,0.000000,-1.000000,-0.000000,0.000000,0.000000,2.497135,-1.319824,2.255504,1.000000;;
       }

       Frame Bip01-R-Toe2Nub {
        

        FrameTransformMatrix {
         1.000000,-0.000000,-0.000000,0.000000,0.000000,1.000000,0.000000,0.000000,-0.000000,0.000000,1.000000,0.000000,1.936680,0.000003,0.000000,1.000000;;
        }
       }
      }
     }
    }
   }
  }
 }
}

Frame Toad_skel {
 

 FrameTransformMatrix {
  1.000000,0.000000,0.000000,0.000000,0.000000,1.000000,0.000000,0.000000,0.000000,0.000000,1.000000,0.000000,0.000000,0.000000,0.000000,1.000000;;
 }

 Mesh Toad_skel {
  1092;
  -10.139511;3.615917;7.865366;,
  -8.984777;4.307099;8.020177;,
  -10.060761;3.457846;7.994485;,
  -8.042610;3.772143;8.989658;,
  -7.658227;5.708659;8.451888;,
  -9.495606;2.746125;8.876804;,
  -8.984777;4.307099;8.020177;,
  -10.060761;3.457846;7.994485;,
  -11.519570;2.991137;10.346023;,
  -12.987051;2.646715;8.913162;,
  -11.540984;2.554072;10.545272;,
  -13.007883;3.065022;8.709706;,
  -12.583778;3.696584;9.487994;,
  -12.294350;2.872901;7.497122;,
  -13.007883;3.065022;8.709706;,
  -10.060761;3.457846;7.994485;,
  -11.666256;2.745235;7.634353;,
  -9.654759;2.235826;8.831048;,
  -11.729094;1.971638;7.562785;,
  -10.322298;4.232501;11.302786;,
  -10.351166;3.040514;10.617527;,
  -11.519570;2.991137;10.346023;,
  -9.685200;2.858491;9.697016;,
  -9.654759;2.235826;8.831048;,
  -9.495606;2.746125;8.876804;,
  -8.042610;3.772143;8.989658;,
  -8.351498;3.838198;10.238344;,
  -7.714522;5.752698;10.360588;,
  -8.505948;5.533571;11.333946;,
  -9.273566;4.088892;11.221076;,
  -10.487856;5.379936;11.611470;,
  -10.736845;7.608595;10.565565;,
  -9.291590;7.540146;10.256012;,
  -8.176482;7.566218;9.023824;,
  -7.658227;5.708659;8.451888;,
  -8.016830;7.510996;8.428174;,
  -9.468172;9.394521;7.622426;,
  -10.559366;8.743657;9.263038;,
  -12.487470;8.767053;7.968486;,
  -11.302556;9.801727;6.838698;,
  -13.491613;7.211943;8.798705;,
  -15.422827;6.696515;5.174676;,
  -14.868021;7.155464;4.620401;,
  -15.946261;5.779618;3.453724;,
  -15.894227;5.759154;4.190604;,
  -12.458430;3.913453;9.385462;,
  -12.583778;3.696584;9.487994;,
  -12.269010;5.989929;10.438466;,
  -13.888466;4.748591;8.342372;,
  -15.649166;5.428398;5.814459;,
  -13.132556;3.235520;8.639516;,
  -16.179781;4.677256;4.003673;,
  -15.381523;2.796475;6.036197;,
  -13.793518;2.758055;7.095411;,
  -11.063530;3.325251;6.923374;,
  -14.676544;2.383338;2.965573;,
  -13.829306;2.187054;4.720589;,
  -16.030730;2.973327;3.835645;,
  -16.106411;4.615786;2.570575;,
  -15.500019;3.034225;1.648234;,
  -13.695926;2.209498;2.325138;,
  -11.497240;2.604132;4.947447;,
  -13.477474;2.615509;6.413122;,
  6.395308;3.909887;1.061157;,
  5.458811;4.332702;2.649382;,
  4.447015;3.772446;1.800264;,
  7.053780;3.726575;0.000000;,
  6.183453;3.684236;0.000000;,
  4.502752;3.390874;0.000000;,
  2.639206;3.337938;0.000000;,
  5.971330;7.011475;4.708210;,
  5.900718;5.886916;4.714278;,
  6.545804;5.685992;3.077280;,
  6.673063;4.693815;1.990834;,
  6.949763;3.875158;0.975958;,
  7.352924;4.270001;0.000000;,
  7.229909;4.409055;0.906648;,
  6.889432;5.261058;1.897741;,
  6.519584;6.139614;2.983268;,
  6.166301;7.046361;4.167299;,
  6.104591;8.043936;4.651486;,
  6.384045;8.551650;4.093427;,
  6.892215;10.220749;4.685504;,
  6.431684;8.925621;4.827297;,
  5.920131;7.936165;5.058561;,
  5.490004;7.033798;6.080026;,
  4.864160;5.347990;5.546456;,
  3.864350;4.887269;5.548207;,
  2.370050;3.731055;2.428942;,
  2.653896;4.383946;4.608145;,
  2.623591;6.228422;7.331613;,
  4.222920;6.584603;7.019562;,
  5.297032;8.010542;6.611631;,
  6.262928;9.164051;5.267061;,
  6.184019;9.714714;5.064412;,
  5.326563;9.119858;6.499316;,
  6.262928;9.164051;5.267061;,
  3.788662;7.823478;7.559611;,
  2.194807;7.886478;7.983307;,
  1.127190;7.676802;6.949990;,
  0.882600;9.014270;7.156618;,
  0.123964;8.663019;6.643128;,
  0.805350;10.445071;6.471379;,
  0.652508;12.595125;4.965640;,
  1.615498;12.184101;5.324906;,
  0.110535;10.311086;5.870722;,
  -1.534535;10.028878;6.813521;,
  -0.323841;8.639290;7.178426;,
  3.094006;11.686111;5.782784;,
  -1.596256;11.271726;5.903271;,
  -0.373896;11.697146;5.309840;,
  -3.226625;11.142152;6.390082;,
  -0.393370;13.823206;3.858946;,
  -1.628451;13.124886;4.284233;,
  -3.562407;12.938073;4.835888;,
  -6.534841;10.278097;6.796298;,
  -7.398298;12.592782;5.403851;,
  -9.393758;10.644442;6.895157;,
  -9.761611;12.009447;5.544463;,
  -12.035344;11.424410;5.043359;,
  -10.401915;13.440525;3.432753;,
  -7.651095;14.193746;3.139432;,
  -3.797636;14.246251;2.838789;,
  -13.384194;11.748098;3.043097;,
  -16.118499;8.252548;2.357692;,
  -10.888882;13.939312;-0.000000;,
  -7.920874;14.498885;-0.000000;,
  -3.561576;14.551837;-0.000000;,
  -1.257448;14.353499;2.401060;,
  0.077014;14.693562;2.138487;,
  -16.629704;8.530810;-0.000001;,
  -13.856002;11.703304;-0.000001;,
  3.556649;15.515880;0.000000;,
  1.325133;15.105541;1.779207;,
  3.348877;15.303381;1.577049;,
  1.344143;14.740869;3.310475;,
  0.617461;15.016038;0.000000;,
  -1.134631;14.742450;-0.000000;,
  1.373707;15.336210;0.000000;,
  5.467454;13.878834;1.688113;,
  3.907920;14.847237;2.538258;,
  1.894818;15.255304;4.763523;,
  1.469673;14.101805;4.331843;,
  10.422377;11.216976;0.000000;,
  9.441389;12.204996;1.026888;,
  9.725162;11.187792;1.282404;,
  9.423430;12.494417;0.000000;,
  8.478395;12.947744;0.000000;,
  8.261918;12.772560;0.532459;,
  7.284642;13.343584;0.000000;,
  7.215630;13.152166;0.970786;,
  5.425694;14.196339;0.000000;,
  8.254682;12.711777;0.959163;,
  8.407211;12.155649;1.491661;,
  5.152786;11.508583;4.901451;,
  5.816457;11.469223;4.504728;,
  6.620178;11.493017;3.860532;,
  8.017178;11.566229;2.586891;,
  7.590419;10.570544;3.841044;,
  8.557813;11.054720;2.897709;,
  9.805097;9.833956;0.677738;,
  10.255745;9.963987;0.000000;,
  9.467770;10.197134;1.312131;,
  8.414897;10.140808;2.413171;,
  7.605949;9.768633;3.499217;,
  6.991656;9.242977;4.074306;,
  -14.533104;2.502037;1.173753;,
  -13.695926;2.209498;2.325138;,
  -15.500019;3.034225;1.648234;,
  -14.431293;2.478446;-0.000001;,
  -11.302731;1.970730;-0.000000;,
  -16.959179;2.767633;0.929586;,
  -16.732627;4.470266;1.649260;,
  -16.106411;4.615786;2.570575;,
  -16.553818;5.595745;1.695681;,
  -15.946261;5.779618;3.453724;,
  -14.868021;7.155464;4.620401;,
  -17.770512;3.884412;1.068783;,
  -16.864357;2.526632;-0.000001;,
  -19.375386;3.292638;-0.000001;,
  -18.300888;4.521283;-0.000001;,
  -17.340061;5.734458;-0.000001;,
  -11.815678;10.509886;6.224998;,
  -9.000490;9.536030;7.572621;,
  -6.322742;8.134281;7.850249;,
  -2.772408;9.724662;7.543044;,
  -1.754251;8.922506;8.140884;,
  -8.016830;7.510996;8.428174;,
  -7.567190;7.765416;8.344074;,
  -9.468172;9.394521;7.622426;,
  -11.302556;9.801727;6.838698;,
  -7.658227;5.708659;8.451888;,
  -6.234551;5.599077;8.044626;,
  -4.204141;6.932426;7.786221;,
  -6.386674;6.965490;8.187398;,
  -4.644844;5.612069;7.333136;,
  -4.430482;4.396334;6.705080;,
  -6.253560;3.596865;6.560049;,
  -8.360219;3.970983;7.398835;,
  -1.370818;7.375023;8.792015;,
  -2.878579;8.676667;8.329456;,
  -2.876895;7.132734;8.703785;,
  -3.780390;8.558643;7.540915;,
  0.120371;7.370662;7.882892;,
  0.306873;7.176497;7.226132;,
  0.517197;7.014803;6.616605;,
  1.278316;6.348534;6.176009;,
  1.258169;4.961114;5.503656;,
  -0.012736;5.023558;5.348238;,
  1.503021;4.477389;4.843590;,
  0.425987;5.819808;6.222891;,
  -1.482824;2.731280;4.003061;,
  -2.235964;3.772865;5.620695;,
  -5.945828;2.077777;3.604487;,
  -9.122324;2.213219;3.534850;,
  -11.063530;3.325251;6.923374;,
  -11.497240;2.604132;4.947447;,
  -0.636184;2.270876;-0.000000;,
  -4.245341;1.854091;-0.000000;,
  -8.311021;1.846447;-0.000000;,
  2.386366;13.489683;-5.028094;,
  2.453480;15.122478;-5.514931;,
  6.004887;13.527050;-4.705566;,
  4.995336;14.760642;-5.030529;,
  6.844326;14.122875;-4.035493;,
  6.788018;13.233242;-4.149592;,
  7.837190;12.918045;-3.071285;,
  7.876521;13.290037;-2.808810;,
  7.865470;13.604389;-1.951601;,
  8.208263;13.050106;-1.404104;,
  5.467453;13.878832;-1.688112;,
  6.516523;14.563176;-3.558132;,
  7.215629;13.152165;-0.970785;,
  8.254682;12.711775;-0.959162;,
  8.407210;12.155649;-1.491660;,
  8.241730;12.170522;-1.696934;,
  6.764486;12.735475;-2.549844;,
  5.152785;11.508583;-4.901451;,
  6.029026;12.424390;-4.204672;,
  5.816457;11.469221;-4.504727;,
  6.620177;11.493015;-3.860531;,
  8.017178;11.566229;-2.586891;,
  5.496647;12.532808;-4.713107;,
  3.672804;12.438214;-5.234108;,
  3.094006;11.686111;-5.782783;,
  4.303291;11.690258;-5.361429;,
  1.615498;12.184101;-5.324905;,
  0.652508;12.595125;-4.965640;,
  1.469673;14.101803;-4.331843;,
  1.894818;15.255302;-4.763523;,
  2.784825;16.241051;-5.339860;,
  4.664343;15.383976;-4.049510;,
  2.654634;16.540714;-4.887390;,
  3.907920;14.847235;-2.538257;,
  1.894818;15.255302;-4.763523;,
  -10.139510;3.615917;-7.865368;,
  -10.060761;3.457846;-7.994484;,
  -8.984774;4.307099;-8.020176;,
  -9.495603;2.746125;-8.876803;,
  -10.060761;3.457846;-7.994484;,
  -8.042610;3.772143;-8.989657;,
  -7.658225;5.708659;-8.451888;,
  -9.654759;2.235826;-8.831049;,
  -11.666254;2.745235;-7.634353;,
  -11.729092;1.971639;-7.562785;,
  -12.294348;2.872901;-7.497122;,
  -12.583778;3.696584;-9.487995;,
  -13.007881;3.065022;-8.709706;,
  -11.519570;2.991138;-10.346025;,
  -12.987049;2.646715;-8.913162;,
  -11.540985;2.554072;-10.545273;,
  -10.322295;4.232501;-11.302785;,
  -10.351166;3.040514;-10.617525;,
  -9.685198;2.858491;-9.697014;,
  -9.654759;2.235826;-8.831049;,
  -9.495603;2.746125;-8.876803;,
  -8.042610;3.772143;-8.989657;,
  -8.351498;3.838198;-10.238343;,
  -7.714519;5.752698;-10.360589;,
  -8.505946;5.533571;-11.333946;,
  -10.736844;7.608595;-10.565565;,
  -10.487853;5.379936;-11.611471;,
  -9.273564;4.088892;-11.221077;,
  -9.291589;7.540146;-10.256014;,
  -8.176480;7.566218;-9.023824;,
  -9.468172;9.394521;-7.622427;,
  -12.487469;8.767053;-7.968488;,
  -11.302552;9.801725;-6.838700;,
  -10.559366;8.743656;-9.263041;,
  -8.016827;7.510995;-8.428174;,
  -7.658225;5.708659;-8.451888;,
  -13.491613;7.211944;-8.798709;,
  -15.422826;6.696515;-5.174678;,
  -14.868019;7.155464;-4.620403;,
  -15.946261;5.779618;-3.453725;,
  -15.894226;5.759154;-4.190606;,
  -12.458428;3.913453;-9.385466;,
  -12.583778;3.696584;-9.487995;,
  -12.269008;5.989930;-10.438468;,
  -13.888466;4.748591;-8.342376;,
  -15.649166;5.428399;-5.814461;,
  -13.132554;3.235520;-8.639520;,
  -16.179779;4.677256;-4.003675;,
  -15.381520;2.796475;-6.036199;,
  -13.793517;2.758055;-7.095414;,
  -11.063528;3.325251;-6.923374;,
  -13.477474;2.615509;-6.413124;,
  -13.829304;2.187054;-4.720590;,
  -14.676542;2.383338;-2.965574;,
  -16.030728;2.973327;-3.835647;,
  -16.106406;4.615786;-2.570577;,
  -15.500018;3.034225;-1.648235;,
  -13.695926;2.209498;-2.325140;,
  -11.497241;2.604132;-4.947448;,
  6.184019;9.714714;-5.064411;,
  5.326563;9.119858;-6.499315;,
  5.266572;10.324736;-6.066171;,
  3.528580;10.634373;-6.774574;,
  3.787045;9.325987;-7.418777;,
  3.094006;11.686111;-5.782783;,
  4.303291;11.690258;-5.361429;,
  5.152785;11.508583;-4.901451;,
  6.892214;10.220749;-4.685503;,
  6.431683;8.925620;-4.827296;,
  6.384044;8.551649;-4.093426;,
  6.104590;8.043935;-4.651485;,
  5.816457;11.469221;-4.504727;,
  6.620177;11.493015;-3.860531;,
  8.017178;11.566229;-2.586891;,
  7.590418;10.570543;-3.841043;,
  8.557812;11.054720;-2.897708;,
  8.407210;12.155649;-1.491660;,
  9.725160;11.187790;-1.282403;,
  9.441388;12.204994;-1.026887;,
  6.991654;9.242977;-4.074304;,
  7.605947;9.768633;-3.499216;,
  8.414896;10.140806;-2.413169;,
  9.467769;10.197134;-1.312131;,
  10.422377;11.216976;0.000000;,
  9.423430;12.494417;0.000000;,
  8.478395;12.947744;0.000000;,
  9.805096;9.833954;-0.677737;,
  10.255745;9.963987;0.000000;,
  8.254682;12.711775;-0.959162;,
  8.261917;12.772558;-0.532458;,
  7.284642;13.343584;0.000000;,
  7.215629;13.152165;-0.970785;,
  5.425694;14.196339;0.000000;,
  5.467453;13.878832;-1.688112;,
  3.556649;15.515880;0.000000;,
  3.348876;15.303381;-1.577049;,
  1.325133;15.105539;-1.779207;,
  1.344143;14.740867;-3.310475;,
  0.077013;14.693560;-2.138487;,
  -0.393370;13.823205;-3.858946;,
  -1.628451;13.124884;-4.284233;,
  -0.373896;11.697146;-5.309839;,
  0.652508;12.595125;-4.965640;,
  1.469673;14.101803;-4.331843;,
  1.894818;15.255302;-4.763523;,
  3.907920;14.847235;-2.538257;,
  3.528580;10.634373;-6.774574;,
  2.240320;10.586967;-6.900885;,
  0.805351;10.445072;-6.471378;,
  1.615498;12.184101;-5.324905;,
  0.110535;10.311086;-5.870721;,
  -1.596256;11.271725;-5.903271;,
  -3.562406;12.938072;-4.835888;,
  -3.797636;14.246250;-2.838789;,
  -9.393757;10.644442;-6.895157;,
  -12.035343;11.424410;-5.043360;,
  -9.761611;12.009446;-5.544463;,
  -7.398298;12.592782;-5.403851;,
  -6.534840;10.278097;-6.796298;,
  -3.226625;11.142151;-6.390082;,
  -1.534535;10.028878;-6.813521;,
  -11.815678;10.509888;-6.224998;,
  -9.000490;9.536032;-7.572622;,
  -6.322741;8.134281;-7.850250;,
  -2.772408;9.724662;-7.543043;,
  -1.754250;8.922503;-8.140882;,
  -0.323841;8.639290;-7.178423;,
  0.120372;7.370660;-7.882890;,
  -1.370817;7.375022;-8.792013;,
  -2.878578;8.676666;-8.329454;,
  -3.780389;8.558643;-7.540913;,
  -6.386673;6.965490;-8.187397;,
  -4.204140;6.932426;-7.786218;,
  -6.234550;5.599076;-8.044624;,
  -2.876894;7.132733;-8.703783;,
  -8.360219;3.970983;-7.398836;,
  -6.253559;3.596865;-6.560048;,
  -4.430480;4.396335;-6.705079;,
  -4.644843;5.612069;-7.333136;,
  -11.497241;2.604132;-4.947448;,
  -9.122323;2.213219;-3.534850;,
  -13.695926;2.209498;-2.325140;,
  -11.063528;3.325251;-6.923374;,
  -5.945828;2.077777;-3.604487;,
  -1.482824;2.731280;-4.003061;,
  -2.235964;3.772865;-5.620694;,
  -0.012736;5.023558;-5.348237;,
  1.503021;4.477389;-4.843589;,
  2.639206;3.337938;0.000000;,
  2.370049;3.731055;-2.428942;,
  -0.636184;2.270876;-0.000000;,
  -4.245341;1.854091;-0.000000;,
  -8.311021;1.846447;-0.000000;,
  -11.302731;1.970730;-0.000000;,
  -14.431293;2.478446;-0.000001;,
  -14.533102;2.502037;-1.173755;,
  -15.500018;3.034225;-1.648235;,
  -16.959174;2.767633;-0.929587;,
  -16.732627;4.470266;-1.649262;,
  -16.106406;4.615786;-2.570577;,
  -16.553818;5.595744;-1.695682;,
  -15.946261;5.779618;-3.453725;,
  -16.118498;8.252546;-2.357694;,
  -14.868019;7.155464;-4.620403;,
  -17.770512;3.884412;-1.068784;,
  -17.340061;5.734458;-0.000001;,
  -18.300888;4.521283;-0.000001;,
  -19.375386;3.292638;-0.000001;,
  -16.864357;2.526632;-0.000001;,
  -7.651094;14.193744;-3.139432;,
  -10.401915;13.440523;-3.432753;,
  -13.384194;11.748098;-3.043097;,
  -16.629704;8.530810;-0.000001;,
  -10.888882;13.939312;-0.000000;,
  -7.920874;14.498885;-0.000000;,
  -13.856002;11.703304;-0.000001;,
  1.373707;15.336210;0.000000;,
  0.617461;15.016038;0.000000;,
  -1.134631;14.742450;-0.000000;,
  -1.257448;14.353496;-2.401060;,
  -3.561576;14.551837;-0.000000;,
  1.465494;2.178316;-4.853124;,
  -0.597929;1.873070;-5.229665;,
  0.627124;1.191856;-5.606896;,
  -0.533614;0.727714;-6.831667;,
  -2.391128;1.795786;-5.996316;,
  -2.229363;1.006482;-6.991446;,
  0.495174;1.025266;-6.748218;,
  1.049763;0.565913;-5.707683;,
  2.322283;1.338194;-4.547874;,
  2.577005;0.712626;-5.082777;,
  3.008885;1.409600;-3.665976;,
  3.793507;0.499696;-4.501919;,
  4.007131;1.361099;-3.449722;,
  4.646179;1.287864;-4.147043;,
