xof 0303txt 0032
template ColorRGBA {
 <35ff44e0-6c7c-11cf-8f52-0040333594a3>
 FLOAT red;
 FLOAT green;
 FLOAT blue;
 FLOAT alpha;
}

template ColorRGB {
 <d3e16e81-7835-11cf-8f52-0040333594a3>
 FLOAT red;
 FLOAT green;
 FLOAT blue;
}

template Material {
 <3d82ab4d-62da-11cf-ab39-0020af71e433>
 ColorRGBA faceColor;
 FLOAT power;
 ColorRGB specularColor;
 ColorRGB emissiveColor;
 [...]
}

template TextureFilename {
 <a42790e1-7810-11cf-8f52-0040333594a3>
 STRING filename;
}

template Frame {
 <3d82ab46-62da-11cf-ab39-0020af71e433>
 [...]
}

template Matrix4x4 {
 <f6f23f45-7686-11cf-8f52-0040333594a3>
 array FLOAT matrix[16];
}

template FrameTransformMatrix {
 <f6f23f41-7686-11cf-8f52-0040333594a3>
 Matrix4x4 frameMatrix;
}

template Vector {
 <3d82ab5e-62da-11cf-ab39-0020af71e433>
 FLOAT x;
 FLOAT y;
 FLOAT z;
}

template MeshFace {
 <3d82ab5f-62da-11cf-ab39-0020af71e433>
 DWORD nFaceVertexIndices;
 array DWORD faceVertexIndices[nFaceVertexIndices];
}

template Mesh {
 <3d82ab44-62da-11cf-ab39-0020af71e433>
 DWORD nVertices;
 array Vector vertices[nVertices];
 DWORD nFaces;
 array MeshFace faces[nFaces];
 [...]
}

template MeshNormals {
 <f6f23f43-7686-11cf-8f52-0040333594a3>
 DWORD nNormals;
 array Vector normals[nNormals];
 DWORD nFaceNormals;
 array MeshFace faceNormals[nFaceNormals];
}

template MeshMaterialList {
 <f6f23f42-7686-11cf-8f52-0040333594a3>
 DWORD nMaterials;
 DWORD nFaceIndexes;
 array DWORD faceIndexes[nFaceIndexes];
 [Material <3d82ab4d-62da-11cf-ab39-0020af71e433>]
}

template Coords2d {
 <f6f23f44-7686-11cf-8f52-0040333594a3>
 FLOAT u;
 FLOAT v;
}

template MeshTextureCoords {
 <f6f23f40-7686-11cf-8f52-0040333594a3>
 DWORD nTextureCoords;
 array Coords2d textureCoords[nTextureCoords];
}

template XSkinMeshHeader {
 <3cf169ce-ff7c-44ab-93c0-f78f62d172e2>
 WORD nMaxSkinWeightsPerVertex;
 WORD nMaxSkinWeightsPerFace;
 WORD nBones;
}

template SkinWeights {
 <6f0d123b-bad2-4167-a0d0-80224f25fabb>
 STRING transformNodeName;
 DWORD nWeights;
 array DWORD vertexIndices[nWeights];
 array FLOAT weights[nWeights];
 Matrix4x4 matrixOffset;
}

template AnimTicksPerSecond {
 <9e415a43-7ba6-4a73-8743-b73d47e88476>
 DWORD AnimTicksPerSecond;
}

template Animation {
 <3d82ab4f-62da-11cf-ab39-0020af71e433>
 [...]
}

template AnimationSet {
 <3d82ab50-62da-11cf-ab39-0020af71e433>
 [Animation <3d82ab4f-62da-11cf-ab39-0020af71e433>]
}

template FloatKeys {
 <10dd46a9-775b-11cf-8f52-0040333594a3>
 DWORD nValues;
 array FLOAT values[nValues];
}

template TimedFloatKeys {
 <f406b180-7b3b-11cf-8f52-0040333594a3>
 DWORD time;
 FloatKeys tfkeys;
}

template AnimationKey {
 <10dd46a8-775b-11cf-8f52-0040333594a3>
 DWORD keyType;
 DWORD nKeys;
 array TimedFloatKeys keys[nKeys];
}


Material Popori_F_BaseBody_MI {
 1.000000;1.000000;1.000000;1.000000;;
 10.000000;
 0.000000;0.000000;0.000000;;
 0.000000;0.000000;0.000000;;

 TextureFilename {
  "Popori_F_Base_Under_diff.tga";
 }
}

Material PC_Event_38_F_D_MI {
 1.000000;1.000000;1.000000;1.000000;;
 10.000000;
 0.000000;0.000000;0.000000;;
 0.000000;0.000000;0.000000;;

 TextureFilename {
  "PC_Event_38_F_D_diff.tga";
 }
}

Material PC_Event_38_F_C_MI {
 1.000000;1.000000;1.000000;1.000000;;
 10.000000;
 0.000000;0.000000;0.000000;;
 0.000000;0.000000;0.000000;;

 TextureFilename {
  "PC_Event_38_F_C_diff.tga";
 }
}

Frame Dummy_root {
 

 FrameTransformMatrix {
  1.000000,0.000000,0.000000,0.000000,0.000000,1.000000,0.000000,0.000000,0.000000,-0.000000,1.000000,0.000000,0.000003,19.558080,0.000000,1.000000;;
 }

 Frame Bip01 {
  

  FrameTransformMatrix {
   0.997073,0.075972,-0.008613,0.000000,-0.074315,0.989441,0.124438,0.000000,0.017976,-0.123434,0.992190,0.000000,-0.482425,-0.502977,-0.045567,1.000000;;
  }

  Frame Bip01-Pelvis {
   

   FrameTransformMatrix {
    0.000000,1.000000,-0.000001,0.000000,-0.000002,0.000001,1.000000,0.000000,1.000000,-0.000000,0.000002,0.000000,0.000000,0.000000,0.000000,1.000000;;
   }

   Frame Bip01-Spine {
    

    FrameTransformMatrix {
     1.000000,0.000001,0.000796,0.000000,-0.000001,1.000000,0.000004,0.000000,-0.000796,-0.000004,1.000000,0.000000,1.908190,0.000000,0.642224,1.000000;;
    }

    Frame Bip01-Spine1 {
     

     FrameTransformMatrix {
      0.998483,0.024342,-0.049380,0.000000,-0.023042,0.999377,0.026743,0.000000,0.050000,-0.025565,0.998422,0.000000,0.114683,-0.000000,-0.001592,1.000000;;
     }

     Frame Bip01-Spine2 {
      

      FrameTransformMatrix {
       0.993949,-0.069001,-0.085472,0.000000,0.074484,0.995249,0.062704,0.000000,0.080739,-0.068691,0.994366,0.000000,2.001972,0.000000,-0.000797,1.000000;;
      }

      Frame Bip01-Spine3 {
       

       FrameTransformMatrix {
        0.994706,-0.093217,-0.043252,0.000000,0.095103,0.994502,0.043824,0.000000,0.038929,-0.047706,0.998102,0.000000,1.001772,-0.000000,-0.002836,1.000000;;
       }

       Frame Bip01-Neck {
        

        FrameTransformMatrix {
         0.928031,0.011266,0.372333,0.000000,0.036882,0.991852,-0.121937,0.000000,-0.370673,0.126894,0.920054,0.000000,3.900326,-0.000001,-0.625047,1.000000;;
        }

        Frame Bip01-Head {
         

         FrameTransformMatrix {
          0.999177,-0.004406,-0.040313,0.000000,0.003523,0.999753,-0.021952,0.000000,0.040399,0.021792,0.998946,0.000000,2.455547,-0.000000,0.000000,1.000000;;
         }
        }

        Frame Bip01-L-Clavicle {
         

         FrameTransformMatrix {
          -0.329859,0.940953,-0.076168,0.000000,0.873776,0.273773,-0.401951,0.000000,-0.357364,-0.199141,-0.912488,0.000000,-0.086819,0.544291,0.041149,1.000000;;
         }

         Frame Bip01-L-UpperArm {
          

          FrameTransformMatrix {
           0.401723,-0.893687,0.199856,0.000000,0.837032,0.446865,0.315735,0.000000,-0.371477,0.040448,0.927561,0.000000,1.475947,0.000006,0.000000,1.000000;;
          }

          Frame Bip01-L-Forearm {
           

           FrameTransformMatrix {
            0.999993,-0.000000,-0.003829,0.000000,0.000000,1.000000,0.000000,0.000000,0.003829,0.000000,0.999993,0.000000,4.688212,0.000000,0.000000,1.000000;;
           }

           Frame Bip01-L-Hand {
            

            FrameTransformMatrix {
             0.613010,0.778034,-0.137409,0.000000,0.184748,0.027938,0.982389,0.000000,0.768171,-0.627600,-0.126614,0.000000,4.107866,0.000000,0.000000,1.000000;;
            }

            Frame Bip01-L-Finger0 {
             

             FrameTransformMatrix {
              0.847035,-0.327886,0.418357,0.000000,0.253945,-0.441805,-0.860418,0.000000,0.466952,0.835044,-0.290959,0.000000,0.285639,-0.299340,0.326494,1.000000;;
             }

             Frame Bip01-L-Finger01 {
              

              FrameTransformMatrix {
               0.998396,0.004932,0.056407,0.000000,-0.008081,0.998413,0.055733,0.000000,-0.056043,-0.056099,0.996851,0.000000,1.038833,0.000004,-0.000001,1.000000;;
              }

              Frame Bip01-L-Finger02 {
               

               FrameTransformMatrix {
                0.876909,0.000000,0.480657,0.000000,0.000000,1.000000,0.000000,0.000000,-0.480657,-0.000000,0.876909,0.000000,0.884446,-0.000001,0.000001,1.000000;;
               }
              }
             }
            }

            Frame Bip01-L-Finger1 {
             

             FrameTransformMatrix {
              0.635709,-0.092419,0.766376,0.000000,0.238004,0.967906,-0.080702,0.000000,-0.734321,0.233704,0.637303,0.000000,2.106617,-0.634791,-0.109810,1.000000;;
             }

             Frame Bip01-L-Finger11 {
              

              FrameTransformMatrix {
               0.210341,0.000000,0.977628,0.000000,-0.000000,1.000000,0.000000,0.000000,-0.977628,-0.000000,0.210341,0.000000,0.729258,0.000000,-0.000002,1.000000;;
              }

              Frame Bip01-L-Finger12 {
               

               FrameTransformMatrix {
                0.159634,0.000000,0.987176,0.000000,0.000000,1.000000,-0.000000,0.000000,-0.987177,0.000000,0.159634,0.000000,0.462319,0.000000,0.000002,1.000000;;
               }
              }
             }
            }

            Frame Bip01-L-Finger2 {
             

             FrameTransformMatrix {
              0.264934,-0.164681,0.950100,0.000000,0.136696,0.981772,0.132053,0.000000,-0.954528,0.094890,0.282616,0.000000,2.134414,-0.154349,-0.143475,1.000000;;
             }

             Frame Bip01-L-Finger21 {
              

              FrameTransformMatrix {
               0.354486,-0.000000,0.935061,0.000000,0.000000,1.000000,-0.000000,0.000000,-0.935061,0.000000,0.354486,0.000000,0.853102,-0.000001,0.000001,1.000000;;
              }

              Frame Bip01-L-Finger22 {
               

               FrameTransformMatrix {
                0.437015,0.000000,0.899454,0.000000,-0.000000,1.000000,0.000000,0.000000,-0.899454,-0.000000,0.437015,0.000000,0.578702,0.000000,0.000001,1.000000;;
               }
              }
             }
            }

            Frame Bip01-L-Finger3 {
             

             FrameTransformMatrix {
              -0.002839,-0.172878,0.984939,0.000000,-0.159435,0.972422,0.170222,0.000000,-0.987204,-0.156550,-0.030324,0.000000,2.115125,0.321245,-0.155811,1.000000;;
             }

             Frame Bip01-L-Finger31 {
              

              FrameTransformMatrix {
               0.384614,0.000000,0.923077,0.000000,0.000000,1.000000,0.000000,0.000000,-0.923077,0.000000,0.384614,0.000000,0.827358,0.000001,0.000001,1.000000;;
              }

              Frame Bip01-L-Finger32 {
               

               FrameTransformMatrix {
                -0.481792,-0.000000,0.876285,0.000000,0.000000,1.000000,-0.000000,0.000000,-0.876286,0.000000,-0.481792,0.000000,0.622402,0.000000,0.000000,1.000000;;
               }
              }
             }
            }

            Frame Bip01-L-Finger4 {
             

             FrameTransformMatrix {
              -0.263410,-0.358535,0.895582,0.000000,-0.254438,0.921317,0.294002,0.000000,-0.930525,-0.150428,-0.333909,0.000000,1.960248,0.837305,0.069010,1.000000;;
             }

             Frame Bip01-L-Finger41 {
              

              FrameTransformMatrix {
               0.704232,0.000000,0.709969,0.000000,0.000000,1.000000,-0.000000,0.000000,-0.709969,0.000000,0.704232,0.000000,0.575044,0.000000,0.000002,1.000000;;
              }

              Frame Bip01-L-Finger42 {
               

               FrameTransformMatrix {
                -0.431984,-0.000000,0.901881,0.000000,0.000000,1.000000,0.000000,0.000000,-0.901882,0.000000,-0.431984,0.000000,0.339848,0.000001,-0.000001,1.000000;;
               }
              }
             }
            }
           }

           Frame L_Elbow {
            

            FrameTransformMatrix {
             0.999998,0.000000,0.001915,0.000000,-0.000000,1.000000,0.000000,0.000000,-0.001915,-0.000000,0.999998,0.000000,0.000004,-0.000006,0.000001,1.000000;;
            }
           }

           Frame Bip01-L-ForeTwist {
            

            FrameTransformMatrix {
             1.000000,-0.000000,0.000000,0.000000,0.000000,0.999899,-0.014215,0.000000,-0.000000,0.014215,0.999899,0.000000,0.000000,0.000000,0.000000,1.000000;;
            }
           }
          }

          Frame L_Shoulder {
           

           FrameTransformMatrix {
            0.836805,0.497020,-0.229628,0.000000,-0.536048,0.829096,-0.158911,0.000000,0.111402,0.256069,0.960218,0.000000,0.000000,0.000000,0.000000,1.000000;;
           }
          }

          Frame L_Shoulder_Twist {
           

           FrameTransformMatrix {
            1.000000,-0.000001,-0.000000,0.000000,0.000001,0.987266,-0.159082,0.000000,0.000000,0.159082,0.987266,0.000000,1.400412,-0.000010,-0.000008,1.000000;;
           }
          }
         }
        }

        Frame Bip01-R-Clavicle {
         

         FrameTransformMatrix {
          -0.297714,-0.936981,-0.182846,0.000000,-0.881826,0.196537,0.428668,0.000000,-0.365718,0.288858,-0.884766,0.000000,-0.086819,-0.544293,0.041152,1.000000;;
         }

         Frame Bip01-R-UpperArm {
          

          FrameTransformMatrix {
           0.533749,0.835895,0.128031,0.000000,-0.802742,0.548441,-0.234135,0.000000,-0.265929,0.022193,0.963737,0.000000,1.475946,-0.000004,-0.000000,1.000000;;
          }

          Frame Bip01-R-Forearm {
           

           FrameTransformMatrix {
            0.999993,0.000000,-0.003829,0.000000,-0.000000,1.000000,0.000000,0.000000,0.003829,-0.000000,0.999993,0.000000,4.688210,0.000000,-0.000000,1.000000;;
           }

           Frame Bip01-R-Hand {
            

            FrameTransformMatrix {
             0.613010,-0.778034,-0.137409,0.000000,-0.184748,0.027938,-0.982389,0.000000,0.768171,0.627600,-0.126614,0.000000,4.107862,-0.000001,-0.000000,1.000000;;
            }

            Frame Bip01-R-Finger0 {
             

             FrameTransformMatrix {
              0.847035,0.327886,0.418357,0.000000,-0.253945,-0.441805,0.860418,0.000000,0.466952,-0.835044,-0.290959,0.000000,0.285639,0.299339,0.326494,1.000000;;
             }

             Frame Bip01-R-Finger01 {
              

              FrameTransformMatrix {
               0.998396,-0.004932,0.056407,0.000000,0.008081,0.998413,-0.055733,0.000000,-0.056043,0.056099,0.996851,0.000000,1.038835,0.000002,-0.000001,1.000000;;
              }

              Frame Bip01-R-Finger02 {
               

               FrameTransformMatrix {
                0.876909,-0.000000,0.480657,0.000000,-0.000000,1.000000,0.000000,0.000000,-0.480656,-0.000000,0.876909,0.000000,0.884443,-0.000002,0.000000,1.000000;;
               }
              }
             }
            }

            Frame Bip01-R-Finger1 {
             

             FrameTransformMatrix {
              0.635709,0.092419,0.766376,0.000000,-0.238004,0.967906,0.080702,0.000000,-0.734321,-0.233704,0.637303,0.000000,2.106616,0.634791,-0.109812,1.000000;;
             }

             Frame Bip01-R-Finger11 {
              

              FrameTransformMatrix {
               0.210341,0.000000,0.977628,0.000000,-0.000000,1.000000,0.000000,0.000000,-0.977628,-0.000000,0.210341,0.000000,0.729259,-0.000000,0.000000,1.000000;;
              }

              Frame Bip01-R-Finger12 {
               

               FrameTransformMatrix {
                0.159634,0.000000,0.987176,0.000000,-0.000000,1.000000,-0.000000,0.000000,-0.987176,0.000000,0.159634,0.000000,0.462320,-0.000000,0.000001,1.000000;;
               }
              }
             }
            }

            Frame Bip01-R-Finger2 {
             

             FrameTransformMatrix {
              0.264934,0.164681,0.950100,0.000000,-0.136696,0.981772,-0.132054,0.000000,-0.954529,-0.094890,0.282616,0.000000,2.134412,0.154349,-0.143473,1.000000;;
             }

             Frame Bip01-R-Finger21 {
              

              FrameTransformMatrix {
               0.354486,-0.000000,0.935061,0.000000,-0.000000,1.000000,-0.000000,0.000000,-0.935062,0.000000,0.354486,0.000000,0.853101,0.000000,0.000001,1.000000;;
              }

              Frame Bip01-R-Finger22 {
               

               FrameTransformMatrix {
                0.437015,-0.000000,0.899454,0.000000,0.000000,1.000000,-0.000000,0.000000,-0.899454,-0.000000,0.437015,0.000000,0.578699,0.000001,-0.000002,1.000000;;
               }
              }
             }
            }

            Frame Bip01-R-Finger3 {
             

             FrameTransformMatrix {
              -0.002840,0.172878,0.984939,0.000000,0.159435,0.972422,-0.170222,0.000000,-0.987204,0.156550,-0.030324,0.000000,2.115126,-0.321246,-0.155815,1.000000;;
             }

             Frame Bip01-R-Finger31 {
              

              FrameTransformMatrix {
               0.384615,0.000000,0.923078,0.000000,-0.000000,1.000000,-0.000000,0.000000,-0.923078,0.000000,0.384614,0.000000,0.827359,0.000000,0.000000,1.000000;;
              }

              Frame Bip01-R-Finger32 {
               

               FrameTransformMatrix {
                -0.481792,-0.000000,0.876286,0.000000,-0.000000,1.000000,0.000000,0.000000,-0.876285,-0.000000,-0.481792,0.000000,0.622402,0.000000,0.000001,1.000000;;
               }
              }
             }
            }

            Frame Bip01-R-Finger4 {
             

             FrameTransformMatrix {
              -0.263410,0.358535,0.895582,0.000000,0.254438,0.921317,-0.294002,0.000000,-0.930525,0.150427,-0.333909,0.000000,1.960247,-0.837305,0.069010,1.000000;;
             }

             Frame Bip01-R-Finger41 {
              

              FrameTransformMatrix {
               0.704232,-0.000000,0.709969,0.000000,0.000000,1.000000,0.000000,0.000000,-0.709970,0.000000,0.704233,0.000000,0.575045,-0.000001,0.000000,1.000000;;
              }

              Frame Bip01-R-Finger42 {
               

               FrameTransformMatrix {
                -0.431984,0.000000,0.901882,0.000000,0.000000,1.000000,-0.000000,0.000000,-0.901882,0.000000,-0.431983,0.000000,0.339848,-0.000001,0.000001,1.000000;;
               }
              }
             }
            }
           }

           Frame R_Elbow {
            

            FrameTransformMatrix {
             0.999998,0.000000,0.001915,0.000000,-0.000000,1.000000,0.000000,0.000000,-0.001915,-0.000000,0.999998,0.000000,0.000000,-0.000004,-0.000000,1.000000;;
            }
           }

           Frame Bip01-R-ForeTwist {
            

            FrameTransformMatrix {
             1.000000,-0.000000,0.000000,0.000000,0.000000,0.999899,0.014215,0.000000,-0.000000,-0.014215,0.999899,0.000000,0.000000,0.000000,0.000000,1.000000;;
            }
           }
          }

          Frame R_Shoulder {
           

           FrameTransformMatrix {
            0.875603,-0.457612,-0.154626,0.000000,0.477889,0.867279,0.139458,0.000000,0.070287,-0.196004,0.978081,0.000000,0.000000,0.000000,-0.000000,1.000000;;
           }
          }

          Frame R_Shoulder_Twist {
           

           FrameTransformMatrix {
            1.000000,0.000000,0.000000,0.000000,-0.000000,0.993005,0.118071,0.000000,-0.000000,-0.118071,0.993005,0.000000,1.400433,-0.000001,-0.000010,1.000000;;
           }
          }
         }
        }
       }
      }
     }
    }

    Frame Bip01-L-Thigh {
     

     FrameTransformMatrix {
      -0.975768,0.123504,-0.180617,0.000000,-0.088176,-0.977427,-0.191993,0.000000,-0.200252,-0.171415,0.964633,0.000000,-1.908701,1.659742,-0.640708,1.000000;;
     }

     Frame Bip01-L-Calf {
      

      FrameTransformMatrix {
       0.977441,-0.000000,-0.211205,0.000000,0.000000,1.000000,-0.000000,0.000000,0.211205,0.000000,0.977442,0.000000,8.609466,0.000000,-0.000000,1.000000;;
      }

      Frame Bip01-L-Foot {
       

       FrameTransformMatrix {
        0.949853,-0.018961,0.312121,0.000000,0.040570,0.997196,-0.062886,0.000000,-0.310053,0.072395,0.947959,0.000000,8.249180,0.000001,0.000000,1.000000;;
       }

       Frame Bip01-L-Toe0 {
        

        FrameTransformMatrix {
         -0.000001,0.000001,1.000000,0.000000,0.000001,1.000000,-0.000001,0.000000,-1.000000,0.000001,-0.000001,0.000000,2.269856,0.000000,1.377458,1.000000;;
        }
       }
      }

      Frame L_Knee {
       

       FrameTransformMatrix {
        0.994344,0.000000,0.106203,0.000000,-0.000000,1.000000,-0.000000,0.000000,-0.106203,0.000000,0.994345,0.000000,0.000000,-0.000002,0.000000,1.000000;;
       }
      }

      Frame Bip01-LCalfTwist {
       

       FrameTransformMatrix {
        1.000000,0.000000,-0.000000,0.000000,-0.000000,0.999504,-0.031485,0.000000,0.000000,0.031485,0.999504,0.000000,0.000000,0.000000,0.000000,1.000000;;
       }
      }
     }

     Frame L_Thigh {
      

      FrameTransformMatrix {
       0.993875,0.051213,0.097922,0.000000,-0.065143,0.987313,0.144810,0.000000,-0.089264,-0.150302,0.984602,0.000000,0.000000,0.000000,0.000000,1.000000;;
      }
     }
    }

    Frame Bip01-R-Thigh {
     

     FrameTransformMatrix {
      -0.967027,0.168897,-0.190613,0.000000,-0.186260,-0.979474,0.077062,0.000000,-0.173684,0.110024,0.978636,0.000000,-1.908701,-1.659741,-0.640699,1.000000;;
     }

     Frame Bip01-R-Calf {
      

      FrameTransformMatrix {
       0.999996,0.000000,-0.002784,0.000000,-0.000000,1.000000,-0.000000,0.000000,0.002784,0.000000,0.999996,0.000000,8.609469,-0.000001,0.000000,1.000000;;
      }

      Frame Bip01-R-Foot {
       

       FrameTransformMatrix {
        0.994631,0.056681,0.086581,0.000000,-0.053497,0.997819,-0.038671,0.000000,-0.088584,0.033832,0.995494,0.000000,8.249178,0.000000,-0.000000,1.000000;;
       }

       Frame Bip01-R-Toe0 {
        

        FrameTransformMatrix {
         0.000001,-0.000000,1.000000,0.000000,-0.000000,1.000000,0.000000,0.000000,-1.000000,-0.000000,0.000001,0.000000,2.269856,0.000000,1.377458,1.000000;;
        }
       }
      }

      Frame R_Knee {
       

       FrameTransformMatrix {
        0.999999,-0.000000,0.001392,0.000000,0.000000,1.000000,0.000000,0.000000,-0.001392,-0.000000,0.999999,0.000000,0.000000,-0.000001,0.000000,1.000000;;
       }
      }

      Frame Bip01-RCalfTwist {
       

       FrameTransformMatrix {
        1.000000,-0.000000,-0.000000,0.000000,0.000000,0.999812,-0.019367,0.000000,0.000000,0.019367,0.999812,0.000000,0.000000,0.000000,0.000000,1.000000;;
       }
      }
     }

     Frame R_Thigh {
      

      FrameTransformMatrix {
       0.991591,0.089965,0.093021,0.000000,-0.079860,0.991029,-0.107167,0.000000,-0.101828,0.098837,0.989880,0.000000,0.000000,0.000001,0.000000,1.000000;;
      }
     }
    }

    Frame Skirt_Dummy {
     

     FrameTransformMatrix {
      -1.000000,0.000565,0.000796,0.000000,-0.000565,-1.000000,-0.000001,0.000000,0.000796,-0.000001,1.000000,0.000000,-0.782763,0.000000,0.001093,1.000000;;
     }

     Frame Skirt_E_00 {
      

      FrameTransformMatrix {
       0.952579,-0.000000,0.304292,0.000000,0.000001,-1.000000,-0.000003,0.000000,0.304292,0.000002,-0.952579,0.000000,-0.925062,-0.000004,1.776646,1.000000;;
      }
     }
    }
   }
  }
 }
}

Frame PC_Event_38_Popori_F_D_Skel {
 

 FrameTransformMatrix {
  1.000000,0.000000,0.000000,0.000000,0.000000,1.000000,0.000000,0.000000,0.000000,0.000000,1.000000,0.000000,0.000000,0.000000,0.000000,1.000000;;
 }

 Mesh PC_Event_38_Popori_F_D_Skel {
  7460;
  0.352484;26.876093;-1.341732;,
  0.929878;26.379450;-0.956580;,
  0.573443;26.495342;-1.271528;,
  -0.503803;28.601232;-0.817729;,
  -0.804200;28.969914;-0.741737;,
  -0.409692;28.869696;-0.743699;,
  -0.901701;28.671043;-0.845042;,
  -0.546753;28.366227;-1.026063;,
  -0.901701;28.671043;-0.845042;,
  -0.156768;28.200317;-0.545566;,
  -0.212508;28.150794;-1.035957;,
  0.215393;27.910733;-0.708995;,
  -0.149763;27.991690;-1.146403;,
  0.447666;27.496358;-0.753450;,
  0.132199;27.428832;-1.313726;,
  0.832899;26.753363;-0.790595;,
  1.089753;26.053370;-0.763509;,
  1.143434;26.109718;-0.350654;,
  0.950155;26.623142;-0.242788;,
  0.534100;27.430298;-0.228544;,
  0.318825;27.886397;-0.288154;,
  0.045611;28.050790;-0.283365;,
  -0.129987;28.580483;-0.499121;,
  0.053538;28.441146;-0.222367;,
  1.184098;26.103525;0.000000;,
  0.953052;26.611744;0.000000;,
  0.527446;27.403949;0.000000;,
  0.302588;27.786278;0.000000;,
  0.302588;27.786278;0.000000;,
  0.106648;28.010413;0.000000;,
  0.053538;28.441146;-0.222367;,
  0.089586;28.436566;0.000083;,
  0.098130;29.034528;-0.483865;,
  0.249321;28.919984;-0.194524;,
  0.271562;28.894794;0.000000;,
  0.450290;29.222384;-0.158127;,
  0.454634;29.203715;0.000000;,
  0.256517;29.332112;-0.478013;,
  -0.119946;29.611373;-0.762732;,
  -0.263908;29.239597;-0.746779;,
  -0.674631;29.791907;-0.813286;,
  -0.685916;29.372758;-0.769083;,
  -0.804200;28.969914;-0.741737;,
  -1.161145;23.777984;-6.572001;,
  -0.864316;24.056782;-6.233637;,
  -0.801229;23.773064;-6.507542;,
  -1.231303;24.043989;-6.306523;,
  -1.059128;23.379203;-6.993918;,
  -0.672768;23.349061;-6.879910;,
  -0.636912;23.666616;-6.351193;,
  -0.669478;23.946758;-6.063649;,
  -0.721422;24.171560;-5.854332;,
  -0.906495;24.275013;-5.993678;,
  -1.272806;24.269451;-5.998860;,
  -0.487489;22.597605;-6.982333;,
  -0.597715;22.899067;-7.315878;,
  -0.504410;23.026085;-6.533059;,
  -0.545325;23.442278;-6.118438;,
  -0.581676;23.726117;-5.857105;,
  -0.622350;23.963974;-5.637670;,
  -0.758187;24.327746;-5.687267;,
  -0.652226;24.101862;-5.473890;,
  -0.704628;22.106133;-7.196281;,
  -0.414073;21.960638;-7.659312;,
  -0.461290;22.298147;-7.325896;,
  -0.737006;22.408910;-6.839814;,
  -0.716082;22.809917;-6.362581;,
  -0.633302;23.235485;-5.901371;,
  -0.657610;23.477240;-5.612191;,
  -0.680143;23.702221;-5.375842;,
  -0.914894;23.272154;-5.490917;,
  -0.863562;23.091853;-5.765619;,
  -0.826922;22.740779;-6.297235;,
  -0.671541;24.087539;-4.956311;,
  -0.616035;24.539800;-5.035764;,
  -0.630736;24.283674;-4.749518;,
  -0.956426;24.104248;-4.602794;,
  -0.954707;23.914915;-4.815931;,
  -0.695578;23.849142;-5.229936;,
  -0.944096;23.685389;-5.069100;,
  -0.927339;23.522443;-5.225685;,
  -0.649452;24.355690;-5.244981;,
  -0.806986;24.717965;-5.255938;,
  -0.794928;24.543419;-5.438459;,
  -1.011379;24.826866;-5.245170;,
  -0.961737;24.594187;-5.549391;,
  -0.928765;24.431216;-5.788577;,
  -1.326697;24.523720;-5.581774;,
  -1.289641;24.401570;-5.783780;,
  -1.587809;24.093819;-5.745083;,
  -1.596546;24.149229;-5.629761;,
  -1.601814;24.241680;-5.500204;,
  -1.598298;24.353912;-5.360390;,
  -1.374359;24.825237;-5.178951;,
  -1.606774;24.608678;-5.070568;,
  -1.672209;24.396787;-4.868488;,
  -1.733202;24.144845;-5.132269;,
  -1.768291;24.027621;-5.274327;,
  -1.780918;23.916744;-5.398543;,
  -1.405541;24.181275;-4.598298;,
  -0.954707;23.914915;-4.815931;,
  -0.956426;24.104248;-4.602794;,
  -1.457909;23.949453;-4.848414;,
  -1.469493;23.818806;-4.962442;,
  -1.466518;23.658965;-5.109439;,
  -1.448357;23.514835;-5.231648;,
  -1.764364;23.824010;-5.513137;,
  -0.944096;23.685389;-5.069100;,
  -0.927339;23.522443;-5.225685;,
  -1.422863;23.463842;-5.286325;,
  -0.914894;23.272154;-5.490917;,
  -1.356564;23.222677;-5.551261;,
  -0.863562;23.091853;-5.765619;,
  -1.320229;23.048478;-5.801864;,
  -1.741561;23.696622;-5.641503;,
  -1.710489;23.491650;-5.863532;,
  -1.663271;23.284018;-6.146186;,
  -1.244729;22.708107;-6.337257;,
  -1.507820;22.849285;-6.555244;,
  -1.135591;22.338451;-6.827989;,
  -1.375927;22.445317;-7.006862;,
  -1.541183;22.941773;-6.655836;,
  -1.431645;22.604093;-7.190349;,
  -1.309202;22.142638;-7.316316;,
  -1.382248;22.352102;-7.522687;,
  -1.560452;23.994262;-5.888510;,
  -1.503925;23.794704;-6.130588;,
  -1.449752;23.584776;-6.426890;,
  -1.341641;23.194675;-6.893114;,
  -1.213715;22.799347;-7.391019;,
  -0.943938;22.938782;-7.477695;,
  -1.152503;22.548925;-7.700090;,
  -0.860250;22.660478;-7.770343;,
  -0.544407;22.579338;-7.624497;,
  -1.243743;21.819250;-7.625930;,
  -1.343188;22.101845;-7.853761;,
  -1.091293;22.298506;-8.009165;,
  -0.789886;22.416832;-8.081017;,
  -0.496655;22.273666;-7.941051;,
  -1.060133;22.051882;-7.193643;,
  -0.999826;21.784691;-7.520257;,
  -1.242618;21.492384;-7.985135;,
  -1.312244;21.728909;-8.254210;,
  -1.124251;21.961627;-8.450818;,
  -0.969721;21.433640;-7.897836;,
  -1.248169;21.347539;-8.123745;,
  -1.360745;21.529056;-8.419643;,
  -1.134101;21.726368;-8.626034;,
  -0.697580;22.065594;-8.528512;,
  -0.661335;21.816446;-8.699699;,
  -0.333867;21.896051;-8.333166;,
  -0.177830;21.700085;-8.514154;,
  -0.265139;21.639205;-7.997486;,
  -0.126060;21.461826;-8.123337;,
  -0.986426;21.289814;-8.015922;,
  -0.674754;21.780213;-7.535551;,
  -0.541240;21.442109;-7.844788;,
  -0.486385;21.308542;-7.952709;,
  -0.826922;22.740779;-6.297235;,
  -0.737006;22.408910;-6.839814;,
  -0.704628;22.106133;-7.196281;,
  -0.674754;21.780213;-7.535551;,
  -0.541240;21.442109;-7.844788;,
  -0.486385;21.308542;-7.952709;,
  -1.094175;19.152947;9.859207;,
  -1.118140;19.639707;9.689741;,
  -0.955461;19.595618;9.661837;,
  -1.257028;19.194443;9.904141;,
  -1.318731;18.729450;9.805762;,
  -1.257028;19.194443;9.904141;,
  -1.166665;18.703968;9.791718;,
  -1.348644;18.408792;9.692352;,
  -1.409350;19.521917;9.819243;,
  -1.293704;19.669094;9.543078;,
  -1.287851;19.769275;9.714107;,
  -1.190615;19.722389;9.475419;,
  -1.235973;19.747869;9.720685;,
  -0.910075;19.660517;9.596025;,
  -0.767254;19.663035;9.758381;,
  -0.945720;19.130402;9.929340;,
  -1.028185;18.671019;9.832390;,
  -0.670470;19.725339;9.582129;,
  -0.643124;19.693376;9.763394;,
  -1.095914;20.027624;9.091982;,
  -1.430493;19.727685;9.395122;,
  -1.463459;19.654685;9.476282;,
  -1.590245;19.705678;9.493956;,
  -1.604872;19.461406;9.633129;,
  -1.741668;19.505859;9.661505;,
  -1.817877;19.227530;9.636528;,
  -1.476313;19.432251;9.692051;,
  -1.434187;20.544691;8.611432;,
  -1.558226;20.127989;9.138093;,
  -1.580147;19.805518;9.396385;,
  -1.609583;18.895323;9.662564;,
  -1.681227;18.790443;9.533966;,
  -1.631856;18.939590;9.560325;,
  -1.571164;19.154394;9.667149;,
  -1.560527;19.076462;9.763324;,
  -1.542655;19.133339;9.794946;,
  -1.525701;19.185715;9.802126;,
  -1.454649;19.406821;9.832393;,
  -1.433951;19.470752;9.841154;,
  -1.745316;18.651936;9.563974;,
  -1.751589;18.700632;9.531693;,
  -1.678030;18.751163;9.610146;,
  -1.947144;18.754213;9.569591;,
  -1.823396;18.724806;9.496847;,
  -1.861822;18.642899;9.528593;,
  -1.943024;18.667398;9.585542;,
  -1.896160;18.566254;9.596394;,
  -1.797633;18.615206;9.591075;,
  -1.775249;18.848989;9.493387;,
  -1.688778;19.194229;9.610544;,
  -1.734773;18.996181;9.513117;,
  -1.863253;19.021326;9.543556;,
  -1.884261;18.892030;9.522025;,
  -1.887126;18.780645;9.526730;,
  -0.030332;21.696210;2.162266;,
  -0.617534;21.568157;1.953209;,
  -0.046805;21.536589;2.150880;,
  -0.499054;22.299347;1.714567;,
  0.038015;22.245843;1.939826;,
  -0.605462;21.760077;1.940599;,
  -1.077970;21.598736;1.682911;,
  -0.999186;21.801443;1.622622;,
  -1.376344;21.598163;1.068816;,
  -1.315385;21.765854;1.045586;,
  -1.509367;21.595920;0.401552;,
  -1.459593;21.719376;0.380231;,
  -1.494997;21.560746;-0.000000;,
  -1.439797;21.710944;-0.000000;,
  -1.284491;22.359402;0.300999;,
  -1.270568;22.357891;-0.000000;,
  -1.154013;22.356344;0.954432;,
  -0.836332;22.333702;1.463584;,
  -0.254549;19.139424;10.055970;,
  -0.174955;19.241195;10.249042;,
  -0.173525;19.117773;10.257766;,
  -0.169595;18.784533;10.269318;,
  -0.252570;18.683891;10.131594;,
  -0.168255;18.681856;10.273879;,
  -0.170566;18.598784;10.272735;,
  -0.223179;18.610666;10.436954;,
  -0.224536;18.363256;10.401847;,
  -0.367583;18.368835;10.506912;,
  -0.382373;18.600304;10.552178;,
  -0.552659;18.594802;10.509982;,
  -0.559556;18.696509;10.526091;,
  -0.389598;18.721566;10.568112;,
  -0.226244;18.708899;10.452995;,
  -0.225598;18.806966;10.453342;,
  -0.621184;18.675224;10.338876;,
  -0.628338;18.778032;10.335014;,
  -0.564377;18.807939;10.523999;,
  -0.391584;18.816486;10.565442;,
  -0.222312;19.185072;10.461230;,
  -0.581555;19.178984;10.522516;,
  -0.652153;19.128861;10.321835;,
  -0.603358;19.154115;10.098530;,
  -0.559115;18.682427;10.180404;,
  -0.613946;18.589851;10.332582;,
  -0.539520;18.361246;10.462630;,
  -0.400075;19.192325;10.564715;,
  -0.586882;19.318750;10.509596;,
  -0.669754;19.220090;10.318409;,
  -0.658602;19.307534;10.281823;,
  -0.719647;19.747666;9.893305;,
  -0.693919;20.028122;10.082470;,
  -0.754222;19.719339;9.945748;,
  -0.767254;19.663035;9.758381;,
  -0.643124;19.693376;9.763394;,
  -0.674444;19.738019;9.916890;,
  -0.637516;19.607245;9.799474;,
  -0.686687;19.802027;10.074937;,
  -0.594002;19.440694;10.450530;,
  -0.620863;19.905979;10.183662;,
  -0.410565;19.480478;10.482235;,
  -0.402754;19.351219;10.545555;,
  -0.642692;20.152506;10.079772;,
  -0.443031;19.937419;10.236675;,
  -0.451151;20.200669;10.119704;,
  -0.221444;19.320451;10.451070;,
  -0.229270;19.447974;10.391617;,
  -0.267724;19.905048;10.141038;,
  -0.259585;20.162040;10.046186;,
  -0.493122;20.487992;9.916474;,
  -0.178696;20.040742;10.083749;,
  -0.724434;20.437293;9.896762;,
  -0.782486;20.170274;10.035497;,
  -0.229431;20.480189;9.868894;,
  -0.522469;20.985134;9.505878;,
  -0.954588;20.493229;9.860142;,
  -0.964748;20.169043;10.044419;,
  -0.849539;19.858526;10.181586;,
  -1.153460;20.935827;9.430439;,
  -0.586152;21.332277;9.177710;,
  -1.199063;21.263550;9.084022;,
  0.037847;21.299659;8.907421;,
  0.099622;20.922504;9.355143;,
  -0.019325;20.546221;9.797393;,
  -0.106547;20.193634;10.024024;,
  -0.032735;19.925558;10.162258;,
  -0.098394;19.758074;9.993411;,
  0.047175;20.210251;10.018680;,
  0.120166;19.983936;10.148978;,
  0.220619;19.685432;10.354603;,
  0.062625;19.617594;10.340725;,
  0.248138;19.604469;10.403834;,
  0.090626;19.534813;10.388554;,
  0.114480;19.460952;10.423425;,
  0.024146;19.406571;10.219017;,
  0.043658;19.348678;10.246714;,
  0.272763;19.518494;10.445331;,
  0.402100;19.595950;10.313593;,
  0.362690;19.672240;10.267330;,
  0.260843;19.985952;10.054844;,
  0.455709;19.492570;10.116403;,
  0.419978;19.525014;10.348842;,
  0.492412;19.251358;10.440402;,
  0.348762;19.247624;10.538810;,
  0.196596;19.181915;10.511516;,
  0.122456;19.087678;10.371596;,
  0.143130;19.027309;10.400480;,
  0.468723;19.438912;10.142342;,
  0.514270;19.159077;10.470308;,
  0.539792;19.180883;10.267087;,
  0.373432;19.156894;10.569000;,
  0.224828;19.089813;10.539711;,
  0.245630;19.013317;10.551922;,
  0.398638;19.068362;10.578823;,
  0.459466;18.849232;10.592019;,
  0.536551;19.072392;10.485629;,
  0.560075;19.097747;10.307276;,
  0.574900;19.035725;10.318278;,
  0.476914;19.019146;10.155154;,
  0.362792;19.388534;9.968525;,
  0.599884;18.821869;10.512024;,
  0.639752;18.762141;10.362406;,
  0.561335;18.714789;10.231048;,
  0.610749;18.506490;10.341338;,
  0.669498;18.546074;10.427705;,
  0.651993;18.439925;10.468962;,
  0.650115;18.560776;10.546430;,
  0.639213;18.387398;10.603090;,
  0.524677;18.571966;10.626516;,
  0.578947;18.345536;10.673729;,
  0.461347;18.343982;10.629125;,
  0.380389;18.521269;10.603194;,
  0.401959;18.394811;10.480535;,
  0.343438;18.487533;10.495592;,
  0.376909;18.464243;10.366385;,
  0.252707;18.682482;10.439472;,
  0.297062;18.662306;10.261294;,
  0.198788;18.954163;10.206436;,
  0.297062;18.662306;10.261294;,
  0.168649;18.951006;10.409408;,
  0.309887;18.756408;10.574615;,
  0.079279;19.298234;10.039545;,
  0.006365;19.454414;10.188278;,
  -0.073105;19.588541;9.810953;,
  -0.106823;19.662130;9.764675;,
  -0.152767;19.768142;9.900860;,
  -0.209481;19.695206;9.744890;,
  -0.179890;19.327390;10.202021;,
  -0.202085;19.750374;9.968429;,
  -0.237245;19.591469;9.786357;,
  -1.434187;20.544691;8.611432;,
  -1.470562;21.074170;8.804746;,
  -1.364723;20.923814;8.378040;,
  -1.500425;20.818842;9.200794;,
  -1.553430;20.682600;8.951544;,
  -1.558226;20.127989;9.138093;,
  -1.632969;20.300616;9.321584;,
  -1.580147;19.805518;9.396385;,
  -1.709568;19.835392;9.659365;,
  -1.741668;19.505859;9.661505;,
  -1.785730;19.633070;9.793630;,
  -1.590245;19.705678;9.493956;,
  -1.657227;20.001427;9.545172;,
  -1.577334;20.357928;9.550806;,
  -1.302698;20.900448;9.374582;,
  -1.819392;19.542587;9.815554;,
  -1.885115;19.307318;9.776098;,
  -1.817877;19.227530;9.636528;,
  -1.854724;19.289290;9.909074;,
  -1.793473;19.532123;9.961886;,
  -1.732264;19.257896;9.973176;,
  -1.873501;19.215502;9.893080;,
  -1.905134;19.235962;9.764518;,
  -1.916667;19.155827;9.736294;,
  -1.941475;18.974107;9.638929;,
  -1.919284;18.965776;9.766978;,
  -1.944128;18.811947;9.669276;,
  -1.852567;18.772224;9.710561;,
  -1.890013;19.122446;9.855582;,
  -1.813130;18.925662;9.809268;,
  -1.694721;18.902298;9.788162;,
  -1.743417;18.726181;9.668629;,
  -1.943024;18.667398;9.585542;,
  -1.896160;18.566254;9.596394;,
  -1.797633;18.615206;9.591075;,
  -1.745316;18.651936;9.563974;,
  -1.678030;18.751163;9.610146;,
  -1.609583;18.895323;9.662564;,
  -1.560527;19.076462;9.763324;,
  -1.648844;19.050874;9.876986;,
  -1.763536;19.150090;9.952459;,
  -1.619845;19.141317;9.916338;,
  -1.782600;19.067338;9.918134;,
  -1.542655;19.133339;9.794946;,
  -1.525701;19.185715;9.802126;,
  -1.596321;19.214635;9.933217;,
  -1.454649;19.406821;9.832393;,
  -1.517295;19.463134;9.990177;,
  -1.656114;19.522430;10.024085;,
  -1.769119;19.625882;9.969686;,
  -1.741098;19.697605;9.936670;,
  -1.602066;19.687392;9.989454;,
  -1.653104;19.930806;9.820646;,
  -1.632376;19.603378;10.027923;,
  -1.491303;19.543990;9.996603;,
  -1.433951;19.470752;9.841154;,
  -1.461774;19.621269;9.969477;,
  -1.287851;19.769275;9.714107;,
  -1.356530;19.909915;9.862202;,
  -1.409350;19.521917;9.819243;,
  -1.529959;19.938022;9.869520;,
  -1.477025;20.128608;9.789906;,
  -1.316424;20.102594;9.784791;,
  -1.237583;20.029472;9.848743;,
  -1.235973;19.747869;9.720685;,
  -1.229243;19.733787;9.904639;,
  -1.012978;19.875061;10.182062;,
  -1.124522;20.123170;9.939098;,
  -1.181779;19.865816;10.083584;,
  -1.211114;20.412126;9.712399;,
  -1.408370;20.396674;9.619279;,
  -1.608649;20.127386;9.709094;,
  -0.940328;19.368814;10.320696;,
  -0.876546;19.271928;10.101614;,
  -0.945720;19.130402;9.929340;,
  -0.898652;19.184475;10.136736;,
  -0.919809;19.061614;10.107906;,
  -0.995101;19.110282;10.335685;,
  -0.969981;19.253554;10.353191;,
  -1.351301;19.120901;10.074999;,
  -1.367501;18.740341;10.152306;,
  -1.310243;19.168661;10.280162;,
  -1.232414;18.688179;10.236389;,
  -1.158145;19.153296;10.353370;,
  -1.130903;19.307461;10.364313;,
  -1.105100;19.416875;10.328127;,
  -1.378256;18.654786;10.129353;,
  -1.247680;18.593376;10.214880;,
  -1.269038;19.406003;10.267306;,
  -1.314145;19.334904;10.082774;,
  -1.383108;18.560765;10.088306;,
  -1.260240;18.492918;10.161190;,
  -1.410629;18.718869;9.981848;,
  -1.402440;18.782298;9.996365;,
  -1.403733;18.268538;9.951537;,
  -1.283813;18.232166;10.020692;,
  -1.440766;18.354099;9.808231;,
  -1.416161;18.624216;9.937823;,
  -1.318731;18.729450;9.805762;,
  -1.257028;19.194443;9.904141;,
  -1.370606;18.175782;9.662741;,
  -1.348644;18.408792;9.692352;,
  -1.306200;18.013462;9.892534;,
  -1.434269;18.054651;9.855910;,
  -1.440683;18.111736;9.737186;,
  -1.403740;18.029210;9.696292;,
  -1.411653;17.903419;9.795398;,
  -1.323687;17.801165;9.819460;,
  -1.152467;18.021266;9.870210;,
  -1.030256;18.262251;9.832397;,
  -1.101707;18.051134;9.749272;,
  -1.217623;17.868912;9.812861;,
  -1.149564;17.975322;9.714079;,
  -1.127818;18.101077;9.666058;,
  -1.067020;18.333704;9.708151;,
  -1.028185;18.671019;9.832390;,
  -0.997448;18.560408;9.972346;,
  -0.985884;18.642693;10.010534;,
  -1.082556;18.509533;10.134482;,
  -1.109555;18.228917;9.975572;,
  -1.071478;18.594822;10.175852;,
  -1.058490;18.676414;10.199273;,
  -0.975377;18.704435;10.025008;,
  0.600685;21.527686;2.009188;,
  1.255880;22.092950;1.448585;,
  0.635522;22.173397;1.795480;,
  1.192315;21.322870;1.557949;,
  1.643623;22.031910;0.738559;,
  1.509092;21.120733;0.805705;,
  1.790676;22.013563;0.000000;,
  1.806115;21.046773;0.000000;,
  1.136824;21.202336;1.547536;,
  0.588024;21.403842;2.067929;,
  -0.046805;21.536589;2.150880;,
  -0.030332;21.696210;2.162266;,
  0.038015;22.245843;1.939826;,
  -2.250910;16.915885;1.199157;,
  -2.363753;16.249283;1.737532;,
  -2.386721;16.948282;1.799413;,
  -2.209583;16.257504;1.167855;,
  -2.324696;15.551054;1.676640;,
  -1.846089;17.334358;0.705816;,
  -1.851444;16.905930;0.698072;,
  -2.249394;17.423958;1.180064;,
  -2.400717;17.531192;1.762257;,
  -2.263314;17.091390;2.382979;,
  -2.266434;16.309707;2.348168;,
  -2.185742;15.556270;2.303396;,
  -2.124564;14.559125;2.237148;,
  -1.919909;14.555554;2.663200;,
  -1.884351;13.542784;2.428211;,
  -1.997429;13.541194;2.171864;,
  -2.229496;14.564314;1.618076;,
  -2.168228;15.569058;1.099117;,
  -1.847065;16.269290;0.696495;,
  -1.807230;14.537557;0.856715;,
  -1.823686;15.587058;0.742703;,
  -1.621109;12.669090;2.448986;,
  -1.605429;13.502981;2.680639;,
  -1.848151;12.686230;2.171795;,
  -2.099391;13.535834;1.521206;,
