xof 0303txt 0032
template ColorRGBA {
 <35ff44e0-6c7c-11cf-8f52-0040333594a3>
 FLOAT red;
 FLOAT green;
 FLOAT blue;
 FLOAT alpha;
}

template ColorRGB {
 <d3e16e81-7835-11cf-8f52-0040333594a3>
 FLOAT red;
 FLOAT green;
 FLOAT blue;
}

template Material {
 <3d82ab4d-62da-11cf-ab39-0020af71e433>
 ColorRGBA faceColor;
 FLOAT power;
 ColorRGB specularColor;
 ColorRGB emissiveColor;
 [...]
}

template TextureFilename {
 <a42790e1-7810-11cf-8f52-0040333594a3>
 STRING filename;
}

template Frame {
 <3d82ab46-62da-11cf-ab39-0020af71e433>
 [...]
}

template Matrix4x4 {
 <f6f23f45-7686-11cf-8f52-0040333594a3>
 array FLOAT matrix[16];
}

template FrameTransformMatrix {
 <f6f23f41-7686-11cf-8f52-0040333594a3>
 Matrix4x4 frameMatrix;
}

template Vector {
 <3d82ab5e-62da-11cf-ab39-0020af71e433>
 FLOAT x;
 FLOAT y;
 FLOAT z;
}

template MeshFace {
 <3d82ab5f-62da-11cf-ab39-0020af71e433>
 DWORD nFaceVertexIndices;
 array DWORD faceVertexIndices[nFaceVertexIndices];
}

template Mesh {
 <3d82ab44-62da-11cf-ab39-0020af71e433>
 DWORD nVertices;
 array Vector vertices[nVertices];
 DWORD nFaces;
 array MeshFace faces[nFaces];
 [...]
}

template MeshNormals {
 <f6f23f43-7686-11cf-8f52-0040333594a3>
 DWORD nNormals;
 array Vector normals[nNormals];
 DWORD nFaceNormals;
 array MeshFace faceNormals[nFaceNormals];
}

template MeshMaterialList {
 <f6f23f42-7686-11cf-8f52-0040333594a3>
 DWORD nMaterials;
 DWORD nFaceIndexes;
 array DWORD faceIndexes[nFaceIndexes];
 [Material <3d82ab4d-62da-11cf-ab39-0020af71e433>]
}

template Coords2d {
 <f6f23f44-7686-11cf-8f52-0040333594a3>
 FLOAT u;
 FLOAT v;
}

template MeshTextureCoords {
 <f6f23f40-7686-11cf-8f52-0040333594a3>
 DWORD nTextureCoords;
 array Coords2d textureCoords[nTextureCoords];
}

template XSkinMeshHeader {
 <3cf169ce-ff7c-44ab-93c0-f78f62d172e2>
 WORD nMaxSkinWeightsPerVertex;
 WORD nMaxSkinWeightsPerFace;
 WORD nBones;
}

template SkinWeights {
 <6f0d123b-bad2-4167-a0d0-80224f25fabb>
 STRING transformNodeName;
 DWORD nWeights;
 array DWORD vertexIndices[nWeights];
 array FLOAT weights[nWeights];
 Matrix4x4 matrixOffset;
}

template AnimTicksPerSecond {
 <9e415a43-7ba6-4a73-8743-b73d47e88476>
 DWORD AnimTicksPerSecond;
}

template Animation {
 <3d82ab4f-62da-11cf-ab39-0020af71e433>
 [...]
}

template AnimationSet {
 <3d82ab50-62da-11cf-ab39-0020af71e433>
 [Animation <3d82ab4f-62da-11cf-ab39-0020af71e433>]
}

template FloatKeys {
 <10dd46a9-775b-11cf-8f52-0040333594a3>
 DWORD nValues;
 array FLOAT values[nValues];
}

template TimedFloatKeys {
 <f406b180-7b3b-11cf-8f52-0040333594a3>
 DWORD time;
 FloatKeys tfkeys;
}

template AnimationKey {
 <10dd46a8-775b-11cf-8f52-0040333594a3>
 DWORD keyType;
 DWORD nKeys;
 array TimedFloatKeys keys[nKeys];
}


Material BisqueLady_MI {
 1.000000;1.000000;1.000000;1.000000;;
 10.000000;
 0.000000;0.000000;0.000000;;
 0.000000;0.000000;0.000000;;

 TextureFilename {
  "BisqueLady_diff.tga";
 }
}

Frame Dummy_root {
 

 FrameTransformMatrix {
  1.000000,0.000000,0.000000,0.000000,0.000000,1.000000,0.000000,0.000000,0.000000,-0.000000,1.000000,0.000000,0.000000,0.000000,0.000000,1.000000;;
 }

 Frame Bip01 {
  

  FrameTransformMatrix {
   0.984390,-0.144033,-0.101145,0.000000,0.133145,0.985279,-0.107228,0.000000,0.115100,0.092087,0.989076,0.000000,-0.005749,11.811000,-0.027156,1.000000;;
  }

  Frame Bip01-Pelvis {
   

   FrameTransformMatrix {
    0.000000,1.000000,-0.000001,0.000000,-0.000001,0.000001,1.000000,0.000000,1.000000,-0.000000,0.000001,0.000000,0.000000,0.000000,0.000000,1.000000;;
   }

   Frame Bip01-Spine {
    

    FrameTransformMatrix {
     0.989969,0.114855,0.082277,0.000000,-0.111574,0.992807,-0.043436,0.000000,-0.086674,0.033820,0.995663,0.000000,2.966074,-0.000111,-0.003374,1.000000;;
    }

    Frame Bip01-Spine1 {
     

     FrameTransformMatrix {
      0.956345,0.144766,0.253864,0.000000,-0.129515,0.988670,-0.075883,0.000000,-0.261973,0.039691,0.964259,0.000000,4.257462,-0.000229,-0.005562,1.000000;;
     }

     Frame Bip01-Neck {
      

      FrameTransformMatrix {
       0.963332,0.084117,-0.254786,0.000000,-0.066918,0.994901,0.075451,0.000000,0.259834,-0.055634,0.964050,0.000000,7.666838,0.000067,-0.376009,1.000000;;
      }

      Frame Bip01-Head {
       

       FrameTransformMatrix {
        0.962129,0.150562,-0.227241,0.000000,-0.144950,0.988577,0.041284,0.000000,0.230861,-0.006782,0.972963,0.000000,1.522341,0.000000,0.000001,1.000000;;
       }

       Frame Bone03 {
        

        FrameTransformMatrix {
         1.000000,0.000000,0.001143,0.000000,-0.000000,-1.000000,0.000352,0.000000,0.001143,-0.000352,-0.999999,0.000000,-0.403835,-0.017750,1.410237,1.000000;;
        }

        Frame Bone01 {
         

         FrameTransformMatrix {
          0.302038,0.000000,-0.953296,0.000000,0.000000,1.000000,0.000000,0.000000,0.953296,0.000000,0.302038,0.000000,-0.294884,0.000002,-1.294745,1.000000;;
         }
        }
       }
      }

      Frame Bip01-L-Clavicle {
       

       FrameTransformMatrix {
        -0.102539,0.991130,-0.084546,0.000000,0.961324,0.120579,0.247622,0.000000,0.255620,-0.055885,-0.965161,0.000000,-2.902908,3.887264,-0.746378,1.000000;;
       }

       Frame Bip01-L-UpperArm {
        

        FrameTransformMatrix {
         0.926079,-0.361708,-0.107443,0.000000,0.370635,0.925391,0.079257,0.000000,0.070759,-0.113220,0.991047,0.000000,4.380621,0.000002,-0.000002,1.000000;;
        }

        Frame Bip01-L-Forearm {
         

         FrameTransformMatrix {
          0.811233,0.000000,-0.584723,0.000000,0.000000,1.000000,0.000000,0.000000,0.584723,0.000000,0.811233,0.000000,4.206696,0.000002,0.000001,1.000000;;
         }

         Frame Bip01-L-Hand {
          

          FrameTransformMatrix {
           0.917554,-0.127213,-0.376712,0.000000,0.378850,-0.007891,0.925425,0.000000,-0.120698,-0.991844,0.040954,0.000000,4.498761,0.000004,-0.000000,1.000000;;
          }

          Frame Bip01-L-Finger0 {
           

           FrameTransformMatrix {
            0.414802,-0.141172,0.898894,0.000000,0.394054,-0.862576,-0.317308,0.000000,0.820159,0.485833,-0.302169,0.000000,1.749372,-1.699061,0.670765,1.000000;;
           }

           Frame Bip01-L-Finger01 {
            

            FrameTransformMatrix {
             0.959853,-0.000000,0.280504,0.000000,0.000000,1.000000,-0.000000,0.000000,-0.280504,0.000000,0.959853,0.000000,1.761673,0.000001,0.000001,1.000000;;
            }

            Frame Bip01-L-Finger02 {
             

             FrameTransformMatrix {
              0.970826,0.000000,0.239786,0.000000,-0.000000,1.000000,0.000000,0.000000,-0.239787,-0.000000,0.970826,0.000000,0.978833,0.000000,0.000000,1.000000;;
             }
            }
           }
          }

          Frame Bip01-L-Finger1 {
           

           FrameTransformMatrix {
            0.812415,-0.138588,0.566370,0.000000,0.180815,0.983338,-0.018748,0.000000,-0.554335,0.117640,0.823938,0.000000,4.966482,-2.186550,-0.063499,1.000000;;
           }

           Frame Bip01-L-Finger11 {
            

            FrameTransformMatrix {
             0.866646,0.000000,0.498924,0.000000,-0.000000,1.000000,0.000000,0.000000,-0.498924,-0.000000,0.866646,0.000000,1.380539,0.000000,-0.000002,1.000000;;
            }

            Frame Bip01-L-Finger12 {
             

             FrameTransformMatrix {
              0.800954,-0.000000,0.598726,0.000000,-0.000000,1.000000,0.000000,0.000000,-0.598726,0.000000,0.800954,0.000000,0.880343,-0.000000,0.000001,1.000000;;
             }
            }
           }
          }

          Frame Bip01-L-Finger2 {
           

           FrameTransformMatrix {
            0.725434,-0.116543,0.678353,0.000000,0.043585,0.991361,0.123709,0.000000,-0.686910,-0.060177,0.724247,0.000000,5.297072,-0.820756,-0.320967,1.000000;;
           }

           Frame Bip01-L-Finger21 {
            

            FrameTransformMatrix {
             0.829039,-0.000000,0.559190,0.000000,0.000000,1.000000,-0.000000,0.000000,-0.559190,0.000000,0.829039,0.000000,1.343546,0.000001,-0.000001,1.000000;;
            }

            Frame Bip01-L-Finger22 {
             

             FrameTransformMatrix {
              0.829039,0.000000,0.559190,0.000000,0.000000,1.000000,0.000000,0.000000,-0.559191,-0.000000,0.829039,0.000000,0.853022,0.000001,0.000002,1.000000;;
             }
            }
           }
          }

          Frame Bip01-L-Finger3 {
           

           FrameTransformMatrix {
            0.648178,-0.110727,0.753396,0.000000,-0.036139,0.983784,0.175679,0.000000,-0.760631,-0.141098,0.633666,0.000000,5.323747,0.575136,-0.177061,1.000000;;
           }

           Frame Bip01-L-Finger31 {
            

            FrameTransformMatrix {
             0.907853,0.000000,0.419289,0.000000,-0.000000,1.000000,-0.000000,0.000000,-0.419289,-0.000000,0.907853,0.000000,1.406423,0.000000,0.000002,1.000000;;
            }

            Frame Bip01-L-Finger32 {
             

             FrameTransformMatrix {
              0.832234,-0.000000,0.554425,0.000000,0.000000,1.000000,0.000000,0.000000,-0.554425,0.000000,0.832234,0.000000,0.784411,0.000000,-0.000001,1.000000;;
             }
            }
           }
          }

          Frame Bip01-L-Finger4 {
           

           FrameTransformMatrix {
            0.660747,-0.138251,0.737768,0.000000,-0.042749,0.974365,0.220873,0.000000,-0.749391,-0.177480,0.637898,0.000000,4.886577,1.973034,0.539221,1.000000;;
           }

           Frame Bip01-L-Finger41 {
            

            FrameTransformMatrix {
             0.966694,0.000000,0.255935,0.000000,0.000000,1.000000,0.000000,0.000000,-0.255935,-0.000000,0.966694,0.000000,1.273540,-0.000001,0.000001,1.000000;;
            }

            Frame Bip01-L-Finger42 {
             

             FrameTransformMatrix {
              0.975300,0.000000,0.220884,0.000000,-0.000000,1.000000,-0.000000,0.000000,-0.220884,0.000000,0.975300,0.000000,0.921817,0.000000,0.000002,1.000000;;
             }
            }
           }
          }

          Frame Bip01-Prop2 {
           

           FrameTransformMatrix {
            -0.485104,-0.038643,0.873602,0.000000,-0.073947,-0.993632,-0.085014,0.000000,0.871324,-0.105840,0.479157,0.000000,4.485470,2.714681,2.987791,1.000000;;
           }

           Frame monster_BisqueLady_w_02 {
            

            FrameTransformMatrix {
             -0.004769,0.010829,-0.999930,0.000000,-0.002594,0.999938,0.010841,0.000000,0.999986,0.002645,-0.004740,0.000000,-0.856169,14.886134,0.176639,1.000000;;
            }
           }
          }
         }
        }
       }
      }

      Frame Bip01-R-Clavicle {
       

       FrameTransformMatrix {
        -0.241091,-0.922145,-0.302529,0.000000,-0.932886,0.306146,-0.189735,0.000000,0.267582,0.236482,-0.934064,0.000000,-3.519472,-3.405066,-0.338574,1.000000;;
       }

       Frame Bip01-R-UpperArm {
        

        FrameTransformMatrix {
         0.920895,0.312993,-0.232351,0.000000,-0.376028,0.870373,-0.317888,0.000000,0.102736,0.380112,0.919217,0.000000,4.380622,-0.000004,0.000000,1.000000;;
        }

        Frame Bip01-R-Forearm {
         

         FrameTransformMatrix {
          0.381114,0.000000,-0.924528,0.000000,-0.000000,1.000000,0.000000,0.000000,0.924528,0.000000,0.381114,0.000000,4.206696,0.000000,-0.000000,1.000000;;
         }

         Frame Bip01-R-Hand {
          

          FrameTransformMatrix {
           0.760933,-0.070756,-0.644961,0.000000,-0.423623,-0.807104,-0.411251,0.000000,-0.491452,0.586154,-0.644126,0.000000,4.498762,-0.000002,0.000001,1.000000;;
          }

          Frame Bip01-R-Finger0 {
           

           FrameTransformMatrix {
            0.533714,0.644478,0.547538,0.000000,-0.260545,-0.490654,0.831490,0.000000,0.804528,-0.586436,-0.093953,0.000000,1.749372,1.699063,0.670763,1.000000;;
           }

           Frame Bip01-R-Finger01 {
            

            FrameTransformMatrix {
             0.954764,-0.000000,0.297364,0.000000,0.000000,1.000000,0.000000,0.000000,-0.297364,-0.000000,0.954764,0.000000,1.761672,-0.000002,0.000000,1.000000;;
            }

            Frame Bip01-R-Finger02 {
             

             FrameTransformMatrix {
              0.966452,0.000000,0.256845,0.000000,0.000000,1.000000,-0.000000,0.000000,-0.256845,-0.000000,0.966452,0.000000,0.978834,0.000000,-0.000003,1.000000;;
             }
            }
           }
          }

          Frame Bip01-R-Finger1 {
           

           FrameTransformMatrix {
            0.406903,0.178346,0.895892,0.000000,-0.346080,0.937741,-0.029492,0.000000,-0.845375,-0.298050,0.443291,0.000000,4.966483,2.186549,-0.063499,1.000000;;
           }

           Frame Bip01-R-Finger11 {
            

            FrameTransformMatrix {
             0.611372,0.000000,0.791344,0.000000,-0.000000,1.000000,0.000000,0.000000,-0.791344,-0.000000,0.611372,0.000000,1.380539,0.000004,0.000000,1.000000;;
            }

            Frame Bip01-R-Finger12 {
             

             FrameTransformMatrix {
              0.512626,0.000000,0.858612,0.000000,-0.000000,1.000000,-0.000000,0.000000,-0.858612,0.000000,0.512626,0.000000,0.880344,-0.000003,-0.000001,1.000000;;
             }
            }
           }
          }

          Frame Bip01-R-Finger2 {
           

           FrameTransformMatrix {
            0.449162,0.054248,0.891802,0.000000,-0.174880,0.984185,0.028211,0.000000,-0.876168,-0.168629,0.451546,0.000000,5.297075,0.820756,-0.320965,1.000000;;
           }

           Frame Bip01-R-Finger21 {
            

            FrameTransformMatrix {
             0.553650,-0.000000,0.832750,0.000000,-0.000000,1.000000,-0.000000,0.000000,-0.832750,-0.000000,0.553650,0.000000,1.343546,-0.000001,-0.000002,1.000000;;
            }

            Frame Bip01-R-Finger22 {
             

             FrameTransformMatrix {
              0.553650,-0.000000,0.832750,0.000000,0.000000,1.000000,0.000000,0.000000,-0.832750,-0.000000,0.553650,0.000000,0.853014,0.000001,0.000000,1.000000;;
             }
            }
           }
          }

          Frame Bip01-R-Finger3 {
           

           FrameTransformMatrix {
            0.303356,0.147481,0.941395,0.000000,-0.032878,0.988982,-0.144342,0.000000,-0.952310,0.012836,0.304862,0.000000,5.323748,-0.575136,-0.177061,1.000000;;
           }

           Frame Bip01-R-Finger31 {
            

            FrameTransformMatrix {
             0.558418,-0.000000,0.829559,0.000000,0.000000,1.000000,0.000000,0.000000,-0.829559,0.000000,0.558418,0.000000,1.406424,-0.000002,0.000002,1.000000;;
            }

            Frame Bip01-R-Finger32 {
             

             FrameTransformMatrix {
              0.558418,-0.000000,0.829560,0.000000,-0.000000,1.000000,0.000000,0.000000,-0.829560,-0.000000,0.558418,0.000000,0.784412,0.000000,0.000001,1.000000;;
             }
            }
           }
          }

          Frame Bip01-R-Finger4 {
           

           FrameTransformMatrix {
            0.148487,0.203646,0.967719,0.000000,0.189925,0.954478,-0.230002,0.000000,-0.970505,0.217946,0.103050,0.000000,4.886578,-1.973030,0.539223,1.000000;;
           }

           Frame Bip01-R-Finger41 {
            

            FrameTransformMatrix {
             0.516807,-0.000000,0.856102,0.000000,0.000000,1.000000,0.000000,0.000000,-0.856102,0.000000,0.516807,0.000000,1.273542,0.000006,0.000000,1.000000;;
            }

            Frame Bip01-R-Finger42 {
             

             FrameTransformMatrix {
              0.547650,-0.000000,0.836708,0.000000,0.000000,1.000000,0.000000,0.000000,-0.836708,-0.000000,0.547650,0.000000,0.921818,-0.000006,-0.000002,1.000000;;
             }
            }
           }
          }

          Frame Bip01-Prop1 {
           

           FrameTransformMatrix {
            -0.065815,-0.050011,-0.996578,0.000000,-0.194881,-0.978866,0.061993,0.000000,-0.978616,0.198294,0.054678,0.000000,-0.172539,4.273391,-0.544430,1.000000;;
           }

           Frame Bone20 {
            

            FrameTransformMatrix {
             -0.000002,-0.243502,0.969901,0.000000,1.000000,0.000000,0.000002,0.000000,-0.000001,0.969900,0.243502,0.000000,0.367355,8.141072,2.582367,1.000000;;
            }
           }
          }
         }
        }
       }
      }
     }
    }

    Frame Bip01-L-Thigh {
     

     FrameTransformMatrix {
      -0.740999,0.150842,0.654345,0.000000,-0.254208,-0.964934,-0.065431,0.000000,0.621530,-0.214824,0.753360,0.000000,-2.533607,3.809493,0.378951,1.000000;;
     }

     Frame Bip01-L-Calf {
      

      FrameTransformMatrix {
       0.827515,-0.000000,-0.561444,0.000000,-0.000000,1.000000,-0.000000,0.000000,0.561444,0.000000,0.827515,0.000000,6.983776,0.000000,0.000001,1.000000;;
      }

      Frame Bip01-L-Foot {
       

       FrameTransformMatrix {
        0.966997,0.221041,0.126721,0.000000,-0.216818,0.975110,-0.046380,0.000000,-0.133819,0.017374,0.990854,0.000000,3.500331,0.000000,0.000000,1.000000;;
       }
      }
     }
    }

    Frame Bip01-R-Thigh {
     

     FrameTransformMatrix {
      -0.969348,-0.201360,-0.140781,0.000000,0.183701,-0.974488,0.128947,0.000000,-0.163154,0.099133,0.981608,0.000000,-3.338456,-3.147691,0.141940,1.000000;;
     }

     Frame Bip01-R-Calf {
      

      FrameTransformMatrix {
       0.910353,0.000000,-0.413832,0.000000,-0.000000,1.000000,-0.000000,0.000000,0.413832,0.000000,0.910353,0.000000,6.983779,0.000001,0.000000,1.000000;;
      }

      Frame Bip01-R-Foot {
       

       FrameTransformMatrix {
        0.670487,-0.161782,0.724068,0.000000,0.162341,0.984278,0.069594,0.000000,-0.723943,0.070884,0.686209,0.000000,3.500332,-0.000001,-0.000001,1.000000;;
       }
      }
     }
    }

    Frame Bone15_mirrored_ {
     

     FrameTransformMatrix {
      -0.970404,-0.178905,0.162200,0.000000,0.155373,0.051629,0.986506,0.000000,-0.184865,0.982511,-0.022304,0.000000,2.115332,-7.305956,-0.645240,1.000000;;
     }

     Frame Bone18_mirrored_ {
      

      FrameTransformMatrix {
       0.989750,0.000000,-0.142808,0.000000,-0.000000,1.000000,-0.000000,0.000000,0.142808,0.000000,0.989750,0.000000,6.974212,-0.000001,0.000000,1.000000;;
      }
     }
    }

    Frame Bone11_mirrored_ {
     

     FrameTransformMatrix {
      -0.978383,-0.205038,0.026970,0.000000,0.048854,-0.355876,-0.933255,0.000000,0.200951,-0.911763,0.358200,0.000000,2.108561,-2.908997,-6.944694,1.000000;;
     }

     Frame Bone19_mirrored_ {
      

      FrameTransformMatrix {
       0.919039,0.388275,0.067901,0.000000,-0.386478,0.921499,-0.038394,0.000000,-0.077478,0.009043,0.996953,0.000000,8.066065,-0.000001,0.000001,1.000000;;
      }
     }
    }

    Frame Bone13_mirrored_ {
     

     FrameTransformMatrix {
      -0.893250,-0.174910,0.414141,0.000000,0.448491,-0.283134,0.847757,0.000000,-0.031024,0.942996,0.331354,0.000000,0.884204,-2.926376,7.436616,1.000000;;
     }

     Frame Bone17_mirrored_ {
      

      FrameTransformMatrix {
       0.946938,0.321418,0.000000,0.000000,-0.321418,0.946938,-0.000000,0.000000,-0.000001,0.000000,1.000000,0.000000,6.438619,-0.000003,-0.000000,1.000000;;
      }
     }
    }

    Frame Bone13 {
     

     FrameTransformMatrix {
      -0.948299,0.172655,0.266308,0.000000,0.309588,0.318438,0.895964,0.000000,0.069890,0.932088,-0.355427,0.000000,0.884204,2.850086,7.436607,1.000000;;
     }

     Frame Bone17 {
      

      FrameTransformMatrix {
       0.946938,0.321418,-0.000000,0.000000,-0.321418,0.946938,0.000000,0.000000,0.000000,-0.000000,1.000000,0.000000,6.438620,0.000000,0.000001,1.000000;;
      }
     }
    }

    Frame Bone11 {
     

     FrameTransformMatrix {
      -0.998773,-0.018058,0.046115,0.000000,-0.048919,0.214463,-0.975506,0.000000,0.007726,-0.976565,-0.215083,0.000000,2.108562,2.832670,-6.944702,1.000000;;
     }

     Frame Bone19 {
      

      FrameTransformMatrix {
       0.917074,0.397811,-0.026859,0.000000,-0.393481,0.913857,0.100189,0.000000,0.064401,-0.081312,0.994606,0.000000,8.066059,-0.000001,-0.000000,1.000000;;
      }
     }
    }

    Frame Bone15 {
     

     FrameTransformMatrix {
      -0.967984,0.211630,0.134981,0.000000,0.131225,-0.031759,0.990844,0.000000,0.213979,0.976834,0.002971,0.000000,2.115330,7.229643,-0.645260,1.000000;;
     }

     Frame Bone18 {
      

      FrameTransformMatrix {
       0.993558,0.026416,0.110206,0.000000,-0.023063,0.999235,-0.031591,0.000000,-0.110956,0.028846,0.993407,0.000000,6.974215,-0.000000,-0.000001,1.000000;;
      }
     }
    }
   }
  }
 }
}

Frame BisqueLady_Skel {
 

 FrameTransformMatrix {
  1.000000,0.000000,0.000000,0.000000,0.000000,1.000000,0.000000,0.000000,0.000000,0.000000,1.000000,0.000000,0.000000,0.000000,0.000000,1.000000;;
 }

 Mesh BisqueLady_Skel {
  2361;
  2.611999;12.406546;12.970127;,
  2.177216;12.081598;13.688488;,
  2.420532;12.643119;12.862930;,
  -9.791071;15.797501;13.057194;,
  -11.799158;14.464411;10.049161;,
  -9.792589;15.813938;10.973296;,
  -8.202582;15.755821;12.971672;,
  -8.005924;17.395821;13.942442;,
  -6.272684;17.179619;15.230854;,
  -6.601889;14.434242;13.605776;,
  -8.203978;15.770934;11.055839;,
  -6.604225;14.459534;10.398636;,
  -5.256428;13.512467;11.558746;,
  -4.872553;13.258034;9.814534;,
  -4.869379;13.223698;14.168328;,
  -5.223553;15.182648;14.926603;,
  -4.422472;16.950642;16.374426;,
  -4.702429;18.698498;15.114106;,
  -4.422472;16.950642;16.374426;,
  -5.945820;19.950298;13.648798;,
  -7.810665;19.050930;12.997374;,
  -3.978742;20.711925;14.226736;,
  -9.577166;17.581363;14.113118;,
  -11.796305;14.433552;13.962414;,
  -11.799158;14.464411;10.049161;,
  -15.858034;14.277029;9.664728;,
  -9.364774;19.381661;13.085148;,
  -11.394621;17.783384;15.945290;,
  -15.854619;14.240080;14.349768;,
  -22.264574;15.468234;9.926040;,
  -22.261518;15.435194;14.116626;,
  -31.144634;18.338589;11.000042;,
  -31.143104;18.322026;13.100979;,
  -32.315293;19.324909;11.496536;,
  -14.896222;22.298016;14.412614;,
  -21.831365;19.022422;16.240022;,
  -15.373712;18.250576;16.723709;,
  -10.995786;21.164074;14.014910;,
  -30.927446;20.120472;14.165538;,
  -32.314467;19.316032;12.621811;,
  -32.198966;20.279293;13.191998;,
  -33.192000;19.308034;12.691635;,
  -33.062806;20.385448;13.329391;,
  -33.356934;19.672032;12.503174;,
  -33.267562;20.417286;12.944313;,
  -37.280966;20.577366;12.637898;,
  -33.192918;19.317958;11.433009;,
  -33.357568;19.678894;11.632568;,
  -37.319658;20.265102;11.706322;,
  -37.575638;20.927486;12.075682;,
  -37.167069;21.537602;12.459557;,
  -33.178832;21.169400;12.514849;,
  -32.934531;21.472778;12.708517;,
  -33.267562;20.417286;12.944313;,
  -32.084275;21.251427;12.636907;,
  -30.713325;21.935474;13.129160;,
  -21.404272;22.642685;14.172834;,
  -8.203978;15.770934;11.055839;,
  -6.277365;17.230210;8.816581;,
  -6.604225;14.459534;10.398636;,
  -8.008717;17.426037;10.110770;,
  -5.948160;19.975586;10.441659;,
  -7.812062;19.066037;11.081539;,
  -9.580202;17.614230;9.945327;,
  -9.366297;19.398094;11.001251;,
  -11.400328;17.845106;8.118781;,
  -10.998644;21.194939;10.101658;,
  -15.380544;18.324474;7.353630;,
  -14.899637;22.334968;9.727575;,
  -14.896222;22.298016;14.412614;,
  -21.407323;22.675731;9.982255;,
  -21.404272;22.642685;14.172834;,
  -10.995786;21.164074;14.014910;,
  -9.364774;19.381661;13.085148;,
  -7.810665;19.050930;12.997374;,
  -5.945820;19.950298;13.648798;,
  -4.492849;20.526176;12.446768;,
  -3.978742;20.711925;14.226736;,
  -3.981916;20.746258;9.872939;,
  -4.748686;18.863995;9.054702;,
  -4.428824;17.019314;7.666835;,
  -5.143347;15.384370;8.954062;,
  -4.872553;13.258034;9.814534;,
  -21.837477;19.088509;7.858859;,
  -30.930509;20.153598;9.963668;,
  -30.714854;21.952045;11.028225;,
  -32.200608;20.297043;10.941446;,
  -32.085098;21.260296;11.511629;,
  -33.064643;20.405296;10.812141;,
  -32.935446;21.482704;11.449893;,
  -33.268838;20.431011;11.203105;,
  -33.179475;21.176266;11.644245;,
  -37.205757;21.225342;11.527982;,
  -33.178832;21.169400;12.514849;,
  -37.167069;21.537602;12.459557;,
  -32.934531;21.472778;12.708517;,
  -32.084275;21.251427;12.636907;,
  -30.713325;21.935474;13.129160;,
  -32.315293;19.324909;11.496536;,
  -31.144634;18.338589;11.000042;,
  -33.192918;19.317958;11.433009;,
  -33.357568;19.678894;11.632568;,
  -37.319658;20.265102;11.706322;,
  -33.357568;19.678894;11.632568;,
  -37.167069;21.537602;12.459557;,
  -9.792589;15.813938;10.973296;,
  -8.203978;15.770934;11.055839;,
  -11.799158;14.464411;10.049161;,
  -15.858034;14.277029;9.664728;,
  -22.264574;15.468234;9.926040;,
  5.812038;53.157763;-11.267238;,
  9.565221;53.379418;-8.936315;,
  9.610034;53.000160;-8.930051;,
  5.508716;52.348314;-10.297334;,
  8.882332;52.222630;-8.246930;,
  4.787349;50.242262;-8.670556;,
  7.708077;50.155830;-6.916637;,
  3.954275;47.541107;-7.814874;,
  7.226523;47.444275;-5.849862;,
  3.569558;45.827712;-9.191997;,
  8.547282;45.680413;-6.202836;,
  7.426966;49.056758;-2.394729;,
  8.852189;48.133315;-0.946909;,
  8.665054;45.180480;-6.138498;,
  3.435838;45.335235;-9.278684;,
  8.985368;47.757325;-0.617022;,
  4.076466;50.488902;1.764271;,
  4.179376;50.733530;1.319858;,
  4.355157;50.766080;-0.904605;,
  5.145166;53.120797;-2.502625;,
  7.886985;51.595101;-3.832672;,
  9.074526;53.860083;-4.664572;,
  9.799249;54.815021;-4.884978;,
  9.718907;55.105690;-5.126846;,
  5.905766;55.627981;-3.127872;,
  6.243606;56.805344;-3.159627;,
  6.378463;56.982829;-3.474197;,
  6.307573;55.812358;-7.447400;,
  5.953681;53.494710;-11.205409;,
  8.665054;45.180480;-6.138498;,
  3.756152;47.912064;-3.757206;,
  3.435838;45.335235;-9.278684;,
  8.985368;47.757325;-0.617022;,
  4.076466;50.488902;1.764271;,
  5.508716;52.348314;-10.297334;,
  2.213165;55.165114;-9.524856;,
  5.812038;53.157763;-11.267238;,
  2.328940;54.120608;-8.756264;,
  4.787349;50.242262;-8.670556;,
  2.045532;51.767955;-7.340510;,
  3.954275;47.541107;-7.814874;,
  0.882469;49.250422;-6.324748;,
  3.569558;45.827712;-9.191997;,
  -1.103257;48.427926;-6.925230;,
  1.082909;50.862912;-2.869616;,
  -0.798347;50.880826;-1.669303;,
  2.448681;56.999923;-5.460240;,
  2.473426;55.420038;-9.544934;,
  2.532908;55.763098;-5.168887;,
  2.224439;53.207222;-4.256544;,
  5.905766;55.627981;-3.127872;,
  5.145166;53.120797;-2.502625;,
  6.243606;56.805344;-3.159627;,
  2.724833;57.184966;-5.629872;,
  6.307573;55.812358;-7.447400;,
  5.953681;53.494710;-11.205409;,
  6.378463;56.982829;-3.474197;,
  -1.473064;48.066819;-6.897390;,
  3.435838;45.335235;-9.278684;,
  -1.152751;50.643651;-1.375914;,
  4.076466;50.488902;1.764271;,
  4.179376;50.733530;1.319858;,
  4.355157;50.766080;-0.904605;,
  3.756152;47.912064;-3.757206;,
  4.076466;50.488902;1.764271;,
  -1.152751;50.643651;-1.375914;,
  -1.473064;48.066819;-6.897390;,
  3.435838;45.335235;-9.278684;,
  8.959240;21.662016;0.320047;,
  7.668242;24.233299;-0.864897;,
  7.690470;24.302315;0.392230;,
  8.728031;21.680626;-1.045818;,
  9.903710;19.789398;-1.249730;,
  10.213888;19.657051;0.202013;,
  10.943776;18.762950;-1.419451;,
  11.476710;18.175141;0.068557;,
  3.876392;29.545203;-1.245572;,
  5.045463;28.555395;-1.376076;,
  3.776483;29.343517;-1.242002;,
  4.814455;29.196122;-1.422200;,
  6.626886;28.777738;-1.246655;,
  6.195479;29.347741;-1.257024;,
  8.823802;29.369190;-1.044614;,
  8.377566;30.134790;-1.023733;,
  9.805514;30.213738;-0.957239;,
  9.256884;30.728864;-0.986275;,
  9.984382;30.313850;-0.486405;,
  9.347328;30.764045;0.000000;,
  8.421027;30.184957;0.000000;,
  6.148693;29.586982;0.000000;,
  4.925205;29.342051;0.000000;,
  4.525309;29.287536;0.000000;,
  3.776483;29.343517;-1.242002;,
  4.180291;28.881200;0.000000;,
  9.960865;30.410570;0.000000;,
  2.565403;29.774800;-2.904444;,
  2.832239;30.875584;-5.012376;,
  4.073062;29.278957;-3.026244;,
  -0.320773;30.711533;-5.892775;,
  4.072235;31.319382;-5.474468;,
  5.496333;30.531552;-6.521064;,
  5.959454;30.131229;-7.532466;,
  5.487888;30.120198;-9.138950;,
  -0.162837;31.688634;-11.630878;,
  2.006206;31.310445;-11.478251;,
  3.835241;30.618061;-10.634536;,
  -1.941912;31.641718;-11.268075;,
  5.279735;28.976483;-1.681028;,
  4.913692;29.433053;-3.070718;,
  4.443420;30.357283;-4.392814;,
  4.892446;28.841373;-1.609746;,
  4.355926;28.848118;0.000000;,
  3.635613;28.892762;-1.354639;,
  5.541415;28.628141;-0.601030;,
  5.849781;28.617290;0.000000;,
  6.045972;28.646282;0.000000;,
  -1.240626;30.262768;-0.000000;,
  -3.567213;30.606000;-5.480201;,
  -4.427494;29.712566;-0.000000;,
  -3.707207;30.749706;-9.932397;,
  -4.849182;31.886147;-9.127890;,
  -6.567966;32.120570;-7.805416;,
  -7.875808;30.963485;-6.054614;,
  -8.136315;30.559306;-3.891293;,
  -9.097438;31.074704;-1.723683;,
  -9.336915;31.088141;-0.000000;,
  8.351666;21.704795;1.267224;,
  7.676581;24.344331;-0.212808;,
  7.644228;24.484408;0.778874;,
  8.625307;21.611219;-0.021569;,
  9.254418;19.957363;1.663007;,
  9.671162;19.567410;0.206037;,
  5.279735;28.976483;-1.681028;,
  5.393190;28.967565;-1.475264;,
  6.045972;28.646282;0.000000;,
  3.867516;29.223267;0.000000;,
  5.013382;31.090851;-1.087449;,
  5.470298;31.351254;0.000000;,
  6.815308;29.108605;-1.351316;,
  8.503415;30.029149;-1.352750;,
  8.493537;29.978877;-1.136494;,
  5.721757;29.058864;-1.446244;,
  5.627924;29.074973;-1.710418;,
  4.913692;29.433053;-3.070718;,
  6.782822;29.184275;-1.699984;,
  9.138400;31.140586;-0.947706;,
  9.713630;31.164298;-0.958160;,
  9.709815;31.326931;-1.132877;,
  8.558596;30.636026;-2.668160;,
  6.693788;29.705981;-2.980754;,
  6.411217;30.613760;-4.264907;,
  5.533243;31.861651;-5.192748;,
  8.251076;31.474755;-3.839287;,
  6.028368;33.527171;-5.458996;,
  8.027787;32.943382;-4.528987;,
  9.499864;32.781453;-2.233380;,
  9.616248;32.060058;-1.696841;,
  10.161010;31.650640;-0.497563;,
  9.992582;31.234346;-0.409761;,
  9.344817;31.205395;-0.364284;,
  9.250180;33.428205;-2.628660;,
  10.239642;32.964950;-0.708209;,
  10.366014;32.693971;-0.391188;,
  10.144624;31.507914;0.000000;,
  10.047806;31.244397;0.000000;,
  9.430826;31.227056;0.000000;,
  9.870612;33.737770;-0.538693;,
  10.116025;34.371046;0.000000;,
  10.264518;33.794099;0.000000;,
  10.249091;33.314275;-0.613722;,
  10.745623;33.364352;0.000000;,
  10.724175;33.099549;0.000000;,
  10.457292;33.016941;-0.517592;,
  10.523602;32.629114;0.000000;,
  9.801593;36.997894;-1.179289;,
  10.062178;36.158544;0.000000;,
  9.780326;36.037158;-1.220661;,
  9.959803;35.046634;0.000000;,
  9.661201;35.119910;-1.216164;,
  9.748714;34.317686;-0.991503;,
  6.910833;36.178819;-5.248649;,
  8.252010;37.236083;-4.645406;,
  8.279297;36.452998;-4.419023;,
  7.843078;35.145142;-4.430025;,
  9.319437;36.116605;-2.801820;,
  9.060627;35.162880;-2.871322;,
  8.943322;34.256019;-2.703357;,
  7.645713;33.970170;-4.695846;,
  6.883306;34.750509;-5.134584;,
  6.117067;34.736986;-5.223964;,
  7.024872;36.327315;-5.735702;,
  8.419564;37.816112;-5.085088;,
  8.647270;37.328938;-3.864897;,
  9.748208;38.288518;-3.613837;,
  8.850242;37.679267;-3.132385;,
  9.231322;37.544688;-2.521471;,
  9.307085;37.009037;-2.732206;,
  10.189094;39.521133;-4.517761;,
  8.304419;38.536627;-5.822286;,
  6.946378;36.804816;-7.144364;,
  5.967310;34.321808;-7.889401;,
  5.678928;33.373222;-5.953710;,
  9.678281;41.196666;-5.392474;,
  6.051180;33.153350;-7.968394;,
  4.556830;35.186944;-9.288232;,
  5.422120;38.223594;-8.848821;,
  4.453836;33.908835;-9.589492;,
  6.818761;31.347930;-9.503998;,
  6.918633;31.055933;-7.537886;,
  5.355163;31.539293;-5.703466;,
  4.443420;30.357283;-4.392814;,
  4.072235;31.319382;-5.474468;,
  5.496333;30.531552;-6.521064;,
  5.959454;30.131229;-7.532466;,
  5.487888;30.120198;-9.138950;,
  5.073081;32.383939;-11.288968;,
  3.835241;30.618061;-10.634536;,
  2.006206;31.310445;-11.478251;,
  2.632639;33.739552;-12.748420;,
  2.255663;34.928448;-10.999852;,
  -0.895201;35.245718;-11.037809;,
  2.293005;36.306691;-10.422854;,
  -0.591692;36.577798;-10.633434;,
  -0.476562;38.646240;-10.340842;,
  -3.032794;36.382083;-9.093370;,
  -2.396701;38.787987;-9.388598;,
  -0.162837;31.688634;-11.630878;,
  -4.720406;39.374816;-7.755233;,
  -1.871128;41.583997;-8.558181;,
  2.316362;38.618554;-10.289906;,
  -0.196586;41.145619;-9.818646;,
  0.203334;44.225875;-8.382249;,
  3.542115;43.698960;-8.335576;,
  8.201518;43.653062;-5.834541;,
  6.243779;45.844909;-6.205440;,
  3.764464;46.945168;-6.357852;,
  7.271766;47.546570;-3.129212;,
  9.752047;45.234810;-3.180414;,
  7.645924;39.847558;-6.837218;,
  4.609388;48.994064;-3.114619;,
  1.593583;49.278134;-3.261425;,
  1.500436;47.369126;-6.396998;,
  -4.290691;42.438854;-6.697415;,
  -1.894053;44.107018;-7.434370;,
  -1.161463;47.540246;-6.023960;,
  -1.424715;48.812291;-3.418432;,
  -1.538548;49.104938;-0.000000;,
  1.595262;49.654026;0.000000;,
  -4.369688;46.653520;-3.307412;,
  -5.893155;42.825546;-5.447444;,
  -5.957919;42.811760;-3.547350;,
  -3.787838;45.787696;-5.477508;,
  -4.785149;47.147309;-0.000000;,
  -7.139442;43.324218;-0.000000;,
  -6.822677;43.106445;-2.038165;,
  -8.068582;36.406739;-0.000000;,
  -7.716621;39.517562;-2.323268;,
  -7.803426;36.702717;-1.928242;,
  -8.083608;39.258656;-0.000000;,
  -6.946214;39.294976;-3.858534;,
  -6.512432;39.457542;-6.046634;,
  -5.140795;36.622374;-7.824501;,
  -6.888017;36.217370;-5.960921;,
  -7.089598;36.436090;-3.728663;,
  -7.474559;34.523408;-3.731863;,
  -8.315930;34.828499;-1.805887;,
  -8.497054;31.762563;-4.004501;,
  -9.886132;32.788752;-2.157638;,
  -8.842462;32.771789;-6.596141;,
  -7.438498;34.997542;-6.171131;,
  -5.600472;35.133696;-8.320651;,
  -3.198197;34.127811;-9.234055;,
  -3.914003;32.073702;-10.324489;,
  -2.316582;33.481971;-12.198890;,
  -0.185864;34.139610;-12.892745;,
  -1.941912;31.641718;-11.268075;,
  -3.707207;30.749706;-9.932397;,
  -5.382788;33.712989;-9.968798;,
  -7.472926;34.150666;-8.606627;,
  -7.875808;30.963485;-6.054614;,
  -6.567966;32.120570;-7.805416;,
  -4.849182;31.886147;-9.127890;,
  -8.136315;30.559306;-3.891293;,
  -9.097438;31.074704;-1.723683;,
  -10.561690;33.142195;-0.000000;,
  -8.480386;34.830288;-0.000000;,
  -9.336915;31.088141;-0.000000;,
  4.525953;26.067840;-4.761334;,
  5.794186;25.580627;-3.763946;,
  4.639310;24.882613;-5.151924;,
  3.017179;26.650230;-5.536602;,
  7.683729;21.954709;-2.848285;,
  6.697707;20.148282;-4.233116;,
  6.189131;22.111037;-4.598908;,
  6.880689;25.188242;-2.362003;,
  4.949538;22.536112;-5.568886;,
  3.602034;24.078786;-6.181011;,
  2.797758;25.480389;-6.595604;,
  1.625883;27.098470;-6.034798;,
  1.402189;26.334467;-7.003250;,
  0.084487;15.326150;-10.235814;,
  -3.799408;12.609478;-10.162998;,
  -2.657395;15.314426;-9.199658;,
  1.111220;18.542080;-6.982968;,
  3.698974;15.384064;-9.787350;,
  4.151504;18.210670;-6.759557;,
  7.655502;18.068762;-5.793044;,
  6.689986;19.112888;-3.999805;,
  4.275847;19.189670;-5.169586;,
  4.435500;20.622725;-5.559845;,
  3.425902;22.389499;-6.065643;,
  3.668838;14.126051;-10.972626;,
  6.774199;15.155365;-8.860802;,
  9.008635;14.816624;-7.240017;,
  7.172394;11.672052;-10.557919;,
  9.585800;10.399551;-8.339206;,
  11.809665;7.397421;-8.812975;,
  10.803587;7.693742;-10.546979;,
  9.554277;8.870394;-10.999197;,
  8.493242;9.879984;-11.437471;,
  6.886358;10.288748;-12.824704;,
  5.002010;11.465742;-13.055581;,
  3.775100;13.544795;-12.535354;,
  -0.549805;13.835755;-12.640812;,
  -2.336447;12.316711;-13.087546;,
  -4.236108;11.218561;-12.632694;,
  -5.669296;9.952306;-11.042555;,
  -6.929077;10.910456;-7.706558;,
  -7.227417;8.836874;-10.739020;,
  -8.090198;8.033833;-9.825370;,
  -9.075888;7.872290;-8.247751;,
  -9.566212;8.350403;-6.439331;,
  -8.730377;10.572756;-4.025460;,
  -10.678349;7.559500;-5.193058;,
  -10.623834;7.520292;-3.752223;,
  -9.808002;8.096958;-2.218810;,
  -9.157894;10.395483;-0.000001;,
  -10.901550;7.553362;-1.283502;,
  -11.462958;7.355646;-0.000001;,
  -7.370674;14.697011;-0.000000;,
  -5.317536;18.015978;-0.000000;,
  -6.681069;14.621827;-3.016159;,
  -4.091101;24.168171;-0.000000;,
  -4.408240;20.559051;-2.506493;,
  -4.832360;20.478523;-0.000000;,
  -4.506708;19.371693;-0.000000;,
  -3.751336;19.230854;-2.267956;,
  -4.649890;18.034600;-2.670124;,
  -5.235458;14.891238;-6.205880;,
  -3.613006;17.927787;-5.079201;,
  -2.484902;19.285072;-3.694840;,
  -3.197470;20.198318;-4.094700;,
  -2.988638;23.778717;-4.745190;,
  -3.644690;23.959611;-2.866764;,
  -1.105761;25.039531;-6.419868;,
  -1.769732;23.492006;-6.229690;,
  -1.727114;21.997619;-6.139507;,
  -0.383608;27.212826;-5.985252;,
  -0.355975;26.207040;-6.940140;,
  -2.417350;26.493773;-5.024692;,
  -3.499076;25.639504;-2.841740;,
  -4.194326;25.219656;-0.000000;,
  2.351989;20.999696;-11.320404;,
  1.157165;20.118427;-13.560819;,
  1.129775;21.219782;-11.578228;,
  2.816070;19.423413;-12.915366;,
  3.307097;19.637112;-9.953694;,
  3.659255;17.878304;-11.263853;,
  -0.440538;20.875728;-11.423702;,
  3.286726;22.906328;-7.815711;,
  2.508635;24.124288;-8.204224;,
  3.203276;21.720150;-7.366981;,
  2.099944;20.786443;-6.995498;,
  1.934340;18.431786;-8.735170;,
  2.285354;16.826914;-10.055559;,
  4.557431;16.204309;-13.988822;,
  4.309832;17.222131;-14.219842;,
  4.396258;15.582978;-13.156026;,
  3.751300;15.709363;-12.233130;,
  3.276587;15.533667;-11.800649;,
  3.018990;15.023400;-11.776429;,
  0.169616;14.680019;-11.479349;,
  0.464324;16.531221;-9.795973;,
  0.585036;18.199899;-8.475210;,
  0.554839;20.462437;-6.892021;,
  2.458159;20.892346;-6.391289;,
  3.425902;22.389499;-6.065643;,
  3.602034;24.078786;-6.181011;,
  2.797758;25.480389;-6.595604;,
  1.402189;26.334467;-7.003250;,
  0.302000;20.470490;-6.555195;,
  1.072691;24.730930;-8.507977;,
  -0.355975;26.207040;-6.940140;,
  -0.371904;24.284952;-8.005978;,
  -1.105761;25.039531;-6.419868;,
  -1.162020;23.157331;-7.678298;,
  -1.769732;23.492006;-6.229690;,
  -1.727114;21.997619;-6.139507;,
  -1.004610;21.341125;-6.932602;,
  0.302000;20.470490;-6.555195;,
  0.554839;20.462437;-6.892021;,
  -0.868760;19.020237;-9.279386;,
  -1.875734;19.881176;-10.322217;,
  -1.983827;18.913134;-10.773579;,
  -1.685472;20.311782;-9.606834;,
  -0.906724;19.720370;-13.326818;,
  1.348332;19.991117;-15.626083;,
  2.211591;19.480056;-16.371048;,
  3.511719;18.467579;-16.295666;,
  4.254046;17.669043;-14.704504;,
  4.137178;17.960686;-15.635438;,
  -2.748160;15.569219;-13.367167;,
  -2.959432;17.147400;-14.146186;,
  -3.035514;16.204312;-14.172691;,
  -2.122651;18.070624;-11.843412;,
  -3.037106;17.867435;-15.281882;,
  -2.454379;18.890762;-15.894182;,
  -1.480365;19.584368;-15.744333;,
  -0.361654;19.701016;-16.569901;,
  0.680342;19.847542;-16.475666;,
  -2.495848;15.691683;-12.268897;,
  -2.249349;15.547782;-11.770574;,
  -1.218422;14.831611;-11.651314;,
  -1.619645;16.942909;-10.358000;,
  0.585036;18.199899;-8.475210;,
  0.464324;16.531221;-9.795973;,
  0.169616;14.680019;-11.479349;,
  -1.041246;19.310376;-5.496143;,
  -1.706316;20.034389;-5.803608;,
  0.302000;20.470490;-6.555195;,
  1.797545;19.418381;-6.130623;,
  2.458159;20.892346;-6.391289;,
  -1.683473;18.324666;-6.481122;,
  10.094817;14.585226;-4.041053;,
  11.709335;11.701807;-2.332130;,
  11.360717;10.847189;-4.851589;,
  9.580581;17.705182;-3.087856;,
  8.488357;19.067899;-2.281586;,
  8.399230;20.231453;-2.451080;,
  7.515630;25.020808;0.000000;,
  8.222853;21.841918;0.000000;,
  9.311660;20.067496;0.000000;,
  9.111648;18.899627;0.000000;,
  10.105970;17.586578;0.000000;,
  11.069476;15.171685;0.000000;,
  12.867389;11.598433;-0.917010;,
  13.694774;9.357525;-2.253121;,
  14.217723;8.142886;-3.764417;,
  13.383593;7.850298;-5.141816;,
  12.448069;8.187186;-6.305456;,
  12.136637;8.111773;-7.413787;,
  2.491029;40.625014;-9.874364;,
  6.194746;41.642746;-7.703123;,
  12.283890;6.977942;-5.022395;,
  12.001664;9.770767;0.000001;,
  13.299423;6.533752;0.000001;,
  15.333757;2.554758;0.000001;,
  14.661424;3.165171;-2.166038;,
  13.832142;4.030321;-3.417173;,
  13.667693;4.157562;-4.434713;,
  13.836373;3.534353;-6.324966;,
