xof 0303txt 0032
template ColorRGBA {
 <35ff44e0-6c7c-11cf-8f52-0040333594a3>
 FLOAT red;
 FLOAT green;
 FLOAT blue;
 FLOAT alpha;
}

template ColorRGB {
 <d3e16e81-7835-11cf-8f52-0040333594a3>
 FLOAT red;
 FLOAT green;
 FLOAT blue;
}

template Material {
 <3d82ab4d-62da-11cf-ab39-0020af71e433>
 ColorRGBA faceColor;
 FLOAT power;
 ColorRGB specularColor;
 ColorRGB emissiveColor;
 [...]
}

template TextureFilename {
 <a42790e1-7810-11cf-8f52-0040333594a3>
 STRING filename;
}

template Frame {
 <3d82ab46-62da-11cf-ab39-0020af71e433>
 [...]
}

template Matrix4x4 {
 <f6f23f45-7686-11cf-8f52-0040333594a3>
 array FLOAT matrix[16];
}

template FrameTransformMatrix {
 <f6f23f41-7686-11cf-8f52-0040333594a3>
 Matrix4x4 frameMatrix;
}

template Vector {
 <3d82ab5e-62da-11cf-ab39-0020af71e433>
 FLOAT x;
 FLOAT y;
 FLOAT z;
}

template MeshFace {
 <3d82ab5f-62da-11cf-ab39-0020af71e433>
 DWORD nFaceVertexIndices;
 array DWORD faceVertexIndices[nFaceVertexIndices];
}

template Mesh {
 <3d82ab44-62da-11cf-ab39-0020af71e433>
 DWORD nVertices;
 array Vector vertices[nVertices];
 DWORD nFaces;
 array MeshFace faces[nFaces];
 [...]
}

template MeshNormals {
 <f6f23f43-7686-11cf-8f52-0040333594a3>
 DWORD nNormals;
 array Vector normals[nNormals];
 DWORD nFaceNormals;
 array MeshFace faceNormals[nFaceNormals];
}

template MeshMaterialList {
 <f6f23f42-7686-11cf-8f52-0040333594a3>
 DWORD nMaterials;
 DWORD nFaceIndexes;
 array DWORD faceIndexes[nFaceIndexes];
 [Material <3d82ab4d-62da-11cf-ab39-0020af71e433>]
}

template Coords2d {
 <f6f23f44-7686-11cf-8f52-0040333594a3>
 FLOAT u;
 FLOAT v;
}

template MeshTextureCoords {
 <f6f23f40-7686-11cf-8f52-0040333594a3>
 DWORD nTextureCoords;
 array Coords2d textureCoords[nTextureCoords];
}

template XSkinMeshHeader {
 <3cf169ce-ff7c-44ab-93c0-f78f62d172e2>
 WORD nMaxSkinWeightsPerVertex;
 WORD nMaxSkinWeightsPerFace;
 WORD nBones;
}

template SkinWeights {
 <6f0d123b-bad2-4167-a0d0-80224f25fabb>
 STRING transformNodeName;
 DWORD nWeights;
 array DWORD vertexIndices[nWeights];
 array FLOAT weights[nWeights];
 Matrix4x4 matrixOffset;
}

template AnimTicksPerSecond {
 <9e415a43-7ba6-4a73-8743-b73d47e88476>
 DWORD AnimTicksPerSecond;
}

template Animation {
 <3d82ab4f-62da-11cf-ab39-0020af71e433>
 [...]
}

template AnimationSet {
 <3d82ab50-62da-11cf-ab39-0020af71e433>
 [Animation <3d82ab4f-62da-11cf-ab39-0020af71e433>]
}

template FloatKeys {
 <10dd46a9-775b-11cf-8f52-0040333594a3>
 DWORD nValues;
 array FLOAT values[nValues];
}

template TimedFloatKeys {
 <f406b180-7b3b-11cf-8f52-0040333594a3>
 DWORD time;
 FloatKeys tfkeys;
}

template AnimationKey {
 <10dd46a8-775b-11cf-8f52-0040333594a3>
 DWORD keyType;
 DWORD nKeys;
 array TimedFloatKeys keys[nKeys];
}


Material WalkingDead_MI {
 1.000000;1.000000;1.000000;1.000000;;
 10.000000;
 0.000000;0.000000;0.000000;;
 0.000000;0.000000;0.000000;;

 TextureFilename {
  "WalkingDead_diff.tga";
 }
}

Frame Dummy_root {
 

 FrameTransformMatrix {
  1.000000,0.000000,0.000000,0.000000,0.000000,1.000000,0.000000,0.000000,0.000000,-0.000000,1.000000,0.000000,0.000000,0.000000,0.000000,1.000000;;
 }

 Frame Bip01 {
  

  FrameTransformMatrix {
   0.969748,-0.033604,-0.241784,0.000000,0.032606,0.999435,-0.008129,0.000000,0.241921,-0.000000,0.970296,0.000000,-3.173533,13.793806,-0.000002,1.000000;;
  }

  Frame Bip01-Pelvis {
   

   FrameTransformMatrix {
    0.000000,1.000000,-0.000001,0.000000,-0.000001,0.000001,1.000000,0.000000,1.000000,-0.000000,0.000001,0.000000,0.000000,0.000000,0.000000,1.000000;;
   }

   Frame Bip01-Spine {
    

    FrameTransformMatrix {
     0.998179,0.006468,-0.059978,0.000000,0.003011,0.987656,0.156614,0.000000,0.060250,-0.156510,0.985837,0.000000,2.972137,0.001710,-0.014611,1.000000;;
    }

    Frame Bip01-Spine1 {
     

     FrameTransformMatrix {
      0.989988,-0.124551,0.066410,0.000000,0.136237,0.966211,-0.218805,0.000000,-0.036914,0.225662,0.973506,0.000000,13.685304,-0.002244,-0.009687,1.000000;;
     }

     Frame Bip01-L-Clavicle {
      

      FrameTransformMatrix {
       0.382621,0.872803,0.303011,0.000000,0.923905,-0.361190,-0.126257,0.000000,-0.000753,0.328262,-0.944586,0.000000,8.704661,6.277884,-1.363653,1.000000;;
      }

      Frame Bip01-L-UpperArm {
       

       FrameTransformMatrix {
        0.535873,-0.457448,-0.709635,0.000000,0.627308,0.778268,-0.027985,0.000000,0.565088,-0.430164,0.704013,0.000000,8.805056,0.000000,0.000000,1.000000;;
       }

       Frame Bip01-L-Forearm {
        

        FrameTransformMatrix {
         0.887247,-0.000000,-0.461295,0.000000,0.000000,1.000000,0.000000,0.000000,0.461295,0.000000,0.887247,0.000000,10.837562,0.000008,0.000000,1.000000;;
        }

        Frame Bip01-L-Hand {
         

         FrameTransformMatrix {
          0.875458,0.322346,-0.360093,0.000000,0.218636,0.400326,0.889909,0.000000,0.431013,-0.857807,0.279992,0.000000,9.425806,0.000004,0.000006,1.000000;;
         }

         Frame Bip01-L-Finger0 {
          

          FrameTransformMatrix {
           0.345746,-0.788683,0.508369,0.000000,0.804531,-0.029652,-0.593171,0.000000,0.482897,0.614085,0.624268,0.000000,2.018839,-3.774471,1.850943,1.000000;;
          }

          Frame Bip01-L-Finger01 {
           

           FrameTransformMatrix {
            0.931858,0.000000,0.362824,0.000000,-0.000000,1.000000,-0.000000,0.000000,-0.362824,0.000000,0.931858,0.000000,2.209410,0.000004,-0.000002,1.000000;;
           }

           Frame Bip01-L-Finger02 {
            

            FrameTransformMatrix {
             0.756713,0.000000,0.653747,0.000000,0.000000,1.000000,0.000000,0.000000,-0.653747,-0.000000,0.756713,0.000000,2.393206,0.000000,0.000004,1.000000;;
            }
           }
          }
         }

         Frame Bip01-L-Finger1 {
          

          FrameTransformMatrix {
           0.950790,-0.292242,0.102926,0.000000,0.290851,0.956341,0.028607,0.000000,-0.106793,0.002737,0.994278,0.000000,7.402242,-3.270189,0.278284,1.000000;;
          }

          Frame Bip01-L-Finger11 {
           

           FrameTransformMatrix {
            0.975306,0.000000,0.220859,0.000000,0.000000,1.000000,-0.000000,0.000000,-0.220858,0.000000,0.975306,0.000000,2.645115,0.000000,0.000000,1.000000;;
           }

           Frame Bip01-L-Finger12 {
            

            FrameTransformMatrix {
             0.872959,-0.000000,0.487793,0.000000,-0.000000,1.000000,0.000000,0.000000,-0.487794,-0.000000,0.872959,0.000000,1.794104,0.000004,-0.000008,1.000000;;
            }
           }
          }
         }

         Frame Bip01-L-Finger2 {
          

          FrameTransformMatrix {
           0.996819,-0.009281,-0.079151,0.000000,0.011249,0.999638,0.024457,0.000000,0.078895,-0.025269,0.996563,0.000000,7.985922,-1.154633,0.088934,1.000000;;
          }

          Frame Bip01-L-Finger21 {
           

           FrameTransformMatrix {
            0.971331,0.000000,0.237730,0.000000,-0.000000,1.000000,0.000000,0.000000,-0.237730,-0.000000,0.971332,0.000000,2.961845,-0.000006,-0.000002,1.000000;;
           }

           Frame Bip01-L-Finger22 {
            

            FrameTransformMatrix {
             0.795373,0.000000,0.606121,0.000000,-0.000000,1.000000,0.000000,0.000000,-0.606121,0.000000,0.795372,0.000000,1.880527,-0.000004,-0.000008,1.000000;;
            }
           }
          }
         }

         Frame Bip01-L-Finger3 {
          

          FrameTransformMatrix {
           0.978781,0.183413,0.091362,0.000000,-0.171642,0.977407,-0.123348,0.000000,-0.111921,0.105049,0.988149,0.000000,7.525118,0.921524,0.221807,1.000000;;
          }

          Frame Bip01-L-Finger31 {
           

           FrameTransformMatrix {
            0.939720,-0.000000,0.341945,0.000000,-0.000000,1.000000,0.000000,0.000000,-0.341945,-0.000000,0.939720,0.000000,2.664280,0.000000,-0.000006,1.000000;;
           }

           Frame Bip01-L-Finger32 {
            

            FrameTransformMatrix {
             0.758315,-0.000000,0.651888,0.000000,0.000000,1.000000,0.000000,0.000000,-0.651888,0.000000,0.758315,0.000000,1.868338,-0.000002,0.000004,1.000000;;
            }
           }
          }
         }

         Frame Bip01-L-Finger4 {
          

          FrameTransformMatrix {
           0.912825,0.397131,0.095069,0.000000,-0.387046,0.915643,-0.108600,0.000000,-0.130178,0.062336,0.989529,0.000000,7.136349,2.940868,0.837538,1.000000;;
          }

          Frame Bip01-L-Finger41 {
           

           FrameTransformMatrix {
            0.930447,-0.000000,0.366427,0.000000,0.000000,1.000000,0.000000,0.000000,-0.366427,-0.000000,0.930447,0.000000,2.088638,0.000000,0.000011,1.000000;;
           }

           Frame Bip01-L-Finger42 {
            

            FrameTransformMatrix {
             0.934159,-0.000000,0.356857,0.000000,0.000000,1.000000,-0.000000,0.000000,-0.356857,0.000000,0.934159,0.000000,1.571747,0.000002,-0.000008,1.000000;;
            }
           }
          }
         }
        }
       }
      }
     }

     Frame Bip01-R-Clavicle {
      

      FrameTransformMatrix {
       -0.069507,-0.740523,0.668427,0.000000,-0.997581,0.051994,-0.046133,0.000000,-0.000592,-0.670017,-0.742346,0.000000,8.704653,-6.277888,-1.363619,1.000000;;
      }

      Frame Bip01-R-UpperArm {
       

       FrameTransformMatrix {
        0.847141,0.266549,-0.459678,0.000000,-0.353846,0.928357,-0.113786,0.000000,0.396416,0.259048,0.880766,0.000000,8.805058,0.000004,0.000000,1.000000;;
       }

       Frame Bip01-R-Forearm {
        

        FrameTransformMatrix {
         0.778949,-0.000000,-0.627087,0.000000,-0.000000,1.000000,-0.000000,0.000000,0.627087,0.000000,0.778949,0.000000,10.837562,0.000000,0.000001,1.000000;;
        }

        Frame Bip01-R-Hand {
         

         FrameTransformMatrix {
          0.986923,-0.112818,-0.115131,0.000000,-0.099908,0.132379,-0.986151,0.000000,0.126496,0.984758,0.119377,0.000000,9.425812,0.000000,0.000004,1.000000;;
         }

         Frame Bip01-R-Finger0 {
          

          FrameTransformMatrix {
           0.622770,0.667179,0.408692,0.000000,-0.529627,-0.024999,0.847862,0.000000,0.575893,-0.744477,0.337788,0.000000,2.018848,3.774472,1.850937,1.000000;;
          }

          Frame Bip01-R-Finger01 {
           

           FrameTransformMatrix {
            0.885410,-0.000000,0.464811,0.000000,-0.000000,1.000000,-0.000000,0.000000,-0.464812,0.000000,0.885410,0.000000,2.209411,0.000004,0.000002,1.000000;;
           }

           Frame Bip01-R-Finger02 {
            

            FrameTransformMatrix {
             0.824126,0.000000,0.566406,0.000000,-0.000000,1.000000,-0.000000,0.000000,-0.566406,0.000000,0.824126,0.000000,2.393204,0.000000,0.000002,1.000000;;
            }
           }
          }
         }

         Frame Bip01-R-Finger1 {
          

          FrameTransformMatrix {
           0.156887,-0.072470,0.984954,0.000000,0.029270,0.997207,0.068709,0.000000,-0.987183,0.018050,0.158570,0.000000,7.402245,3.270187,0.278282,1.000000;;
          }

          Frame Bip01-R-Finger11 {
           

           FrameTransformMatrix {
            0.764723,0.000000,0.644359,0.000000,-0.000000,1.000000,0.000000,0.000000,-0.644359,0.000000,0.764724,0.000000,2.645115,-0.000001,0.000004,1.000000;;
           }

           Frame Bip01-R-Finger12 {
            

            FrameTransformMatrix {
             0.422618,-0.000000,0.906308,0.000000,0.000000,1.000000,-0.000000,0.000000,-0.906308,0.000000,0.422618,0.000000,1.794106,0.000000,0.000000,1.000000;;
            }
           }
          }
         }

         Frame Bip01-R-Finger2 {
          

          FrameTransformMatrix {
           -0.053590,-0.139051,0.988834,0.000000,0.268590,0.951756,0.148393,0.000000,-0.961763,0.273544,-0.013656,0.000000,7.985922,1.154635,0.088936,1.000000;;
          }

          Frame Bip01-R-Finger21 {
           

           FrameTransformMatrix {
            0.803857,-0.000000,0.594823,0.000000,-0.000000,1.000000,0.000000,0.000000,-0.594823,-0.000000,0.803857,0.000000,2.961857,-0.000002,-0.000006,1.000000;;
           }

           Frame Bip01-R-Finger22 {
            

            FrameTransformMatrix {
             0.390731,-0.000000,0.920505,0.000000,-0.000000,1.000000,0.000000,0.000000,-0.920505,-0.000000,0.390731,0.000000,1.880520,0.000003,0.000000,1.000000;;
            }
           }
          }
         }

         Frame Bip01-R-Finger3 {
          

          FrameTransformMatrix {
           0.027093,-0.174049,0.984364,0.000000,0.292003,0.943154,0.158726,0.000000,-0.956033,0.283137,0.076376,0.000000,7.525114,-0.921524,0.221790,1.000000;;
          }

          Frame Bip01-R-Finger31 {
           

           FrameTransformMatrix {
            0.824126,0.000000,0.566406,0.000000,-0.000000,1.000000,-0.000000,0.000000,-0.566406,-0.000000,0.824126,0.000000,2.664284,0.000000,0.000002,1.000000;;
           }

           Frame Bip01-R-Finger32 {
            

            FrameTransformMatrix {
             0.422618,-0.000000,0.906308,0.000000,0.000000,1.000000,0.000000,0.000000,-0.906308,0.000000,0.422618,0.000000,1.868336,0.000001,0.000001,1.000000;;
            }
           }
          }
         }

         Frame Bip01-R-Finger4 {
          

          FrameTransformMatrix {
           0.232905,-0.225872,0.945905,0.000000,0.237260,0.956461,0.169973,0.000000,-0.943113,0.184838,0.276355,0.000000,7.136353,-2.940872,0.837536,1.000000;;
          }

          Frame Bip01-R-Finger41 {
           

           FrameTransformMatrix {
            0.978148,0.000000,0.207912,0.000000,-0.000000,1.000000,-0.000000,0.000000,-0.207912,-0.000000,0.978148,0.000000,2.088642,0.000002,0.000000,1.000000;;
           }

           Frame Bip01-R-Finger42 {
            

            FrameTransformMatrix {
             0.422618,-0.000000,0.906308,0.000000,0.000000,1.000000,0.000000,0.000000,-0.906308,0.000000,0.422618,0.000000,1.571751,0.000000,0.000004,1.000000;;
            }
           }
          }
         }
        }
       }
      }
     }

     Frame Bip01-Neck {
      

      FrameTransformMatrix {
       0.799191,-0.170298,0.576449,0.000000,0.012983,0.963692,0.266699,0.000000,-0.600937,-0.205659,0.772385,0.000000,12.356165,0.000501,1.939420,1.000000;;
      }

      Frame Bip01-Head {
       

       FrameTransformMatrix {
        0.437981,-0.271133,-0.857123,0.000000,-0.081486,0.937537,-0.338208,0.000000,0.895284,0.217972,0.388530,0.000000,3.037758,0.000000,0.000000,1.000000;;
       }

       Frame Bone05_mirrored_ {
        

        FrameTransformMatrix {
         -0.991447,-0.000002,0.130511,0.000000,0.130511,0.000002,0.991447,0.000000,-0.000002,1.000000,-0.000001,0.000000,4.751602,11.338002,-1.774260,1.000000;;
        }
       }

       Frame Bone05 {
        

        FrameTransformMatrix {
         -0.991447,-0.000002,0.130511,0.000000,0.130511,0.000001,0.991447,0.000000,-0.000002,1.000000,-0.000001,0.000000,4.751587,-11.337950,-1.774227,1.000000;;
        }
       }

       Frame Bone02 {
        

        FrameTransformMatrix {
         -0.521243,0.000543,0.853408,0.000000,-0.000543,-1.000000,0.000305,0.000000,0.853408,-0.000304,0.521243,0.000000,-2.242794,0.000010,4.513111,1.000000;;
        }
       }
      }
     }
    }

    Frame Dummy02 {
     

     FrameTransformMatrix {
      -0.055294,0.000377,0.998470,0.000000,-0.000375,-1.000000,0.000356,0.000000,0.998470,-0.000355,0.055294,0.000000,5.225035,0.000016,9.699310,1.000000;;
     }

     Frame Dummy01 {
      

      FrameTransformMatrix {
       1.000000,-0.000000,0.000000,0.000000,-0.000000,1.000000,0.000000,0.000000,0.000000,-0.000000,1.000000,0.000000,0.000001,-0.000002,0.000000,1.000000;;
      }

      Frame Bone01 {
       

       FrameTransformMatrix {
        0.950913,0.000000,0.309457,0.000000,0.000000,1.000000,-0.000000,0.000000,-0.309457,0.000000,0.950913,0.000000,1.830180,-0.000000,2.859470,1.000000;;
       }
      }

      Frame Bone03 {
       

       FrameTransformMatrix {
        0.822530,0.000000,-0.568721,0.000000,-0.000000,1.000000,-0.000000,0.000000,0.568721,0.000000,0.822530,0.000000,1.537381,0.000000,-2.377108,1.000000;;
       }
      }
     }
    }
   }

   Frame Bip01-L-Thigh {
    

    FrameTransformMatrix {
     -0.781073,0.166357,0.601872,0.000000,-0.222374,-0.974773,-0.019156,0.000000,0.583502,-0.148803,0.798363,0.000000,-0.000010,7.609884,0.000010,1.000000;;
    }

    Frame Bip01-L-Calf {
     

     FrameTransformMatrix {
      0.580501,-0.000000,-0.814259,0.000000,-0.000000,1.000000,0.000000,0.000000,0.814259,0.000000,0.580501,0.000000,7.838221,0.000000,0.000001,1.000000;;
     }

     Frame Bip01-L-Foot {
      

      FrameTransformMatrix {
       0.917907,0.221606,0.329148,0.000000,-0.084658,0.919787,-0.383177,0.000000,-0.387660,0.323856,0.863039,0.000000,5.422410,0.000001,0.000000,1.000000;;
      }

      Frame Bip01-L-Toe0 {
       

       FrameTransformMatrix {
        0.000000,-0.147649,0.989040,0.000000,-0.000000,0.989040,0.147649,0.000000,-1.000000,-0.000000,0.000000,0.000000,2.405346,-1.231476,4.052712,1.000000;;
       }
      }

      Frame Bip01-L-Toe1 {
       

       FrameTransformMatrix {
        0.000000,-0.000000,1.000000,0.000000,-0.000000,1.000000,0.000000,0.000000,-1.000000,-0.000000,0.000000,0.000000,2.405346,1.472372,4.116742,1.000000;;
       }
      }
     }
    }
   }

   Frame Bip01-R-Thigh {
    

    FrameTransformMatrix {
     -0.968930,-0.219227,0.114521,0.000000,0.240984,-0.941015,0.237524,0.000000,0.055694,0.257742,0.964607,0.000000,0.000010,-7.609884,-0.000010,1.000000;;
    }

    Frame Bip01-R-Calf {
     

     FrameTransformMatrix {
      0.686111,-0.000000,-0.727496,0.000000,0.000000,1.000000,0.000000,0.000000,0.727496,-0.000000,0.686111,0.000000,7.838220,-0.000001,0.000000,1.000000;;
     }

     Frame Bip01-R-Foot {
      

      FrameTransformMatrix {
       0.683214,-0.227005,0.694037,0.000000,0.506713,0.831758,-0.226760,0.000000,-0.525795,0.506603,0.683296,0.000000,5.422411,-0.000002,-0.000000,1.000000;;
      }

      Frame Bip01-R-Toe0 {
       

       FrameTransformMatrix {
        0.000000,0.147649,0.989040,0.000000,-0.000000,0.989040,-0.147649,0.000000,-1.000000,-0.000000,0.000000,0.000000,2.405346,1.231476,4.052709,1.000000;;
       }
      }

      Frame Bip01-R-Toe1 {
       

       FrameTransformMatrix {
        -0.000000,-0.000000,1.000000,0.000000,0.000000,1.000000,-0.000000,0.000000,-1.000000,0.000000,0.000000,0.000000,2.405347,-1.472372,4.116740,1.000000;;
       }
      }
     }
    }
   }
  }
 }
}

Frame WalkingDead_skel {
 

 FrameTransformMatrix {
  1.000000,0.000000,0.000000,0.000000,0.000000,1.000000,0.000000,0.000000,0.000000,0.000000,1.000000,0.000000,0.000000,0.000000,0.000000,1.000000;;
 }

 Mesh WalkingDead_skel {
  3751;
  -1.008299;15.764971;29.855248;,
  -1.321207;15.749867;30.602806;,
  -1.365301;15.938422;30.537520;,
  0.275324;26.261754;19.341984;,
  2.004372;25.623022;22.262904;,
  0.570436;24.607587;21.461206;,
  1.647675;27.572128;21.243146;,
  -0.925203;33.384602;24.346213;,
  -0.756898;30.548122;26.043242;,
  0.840563;30.779603;25.585386;,
  0.535845;33.107030;23.255957;,
  2.173270;30.513725;24.378822;,
  1.744476;31.307274;21.886435;,
  2.838697;29.272227;22.669338;,
  3.155586;26.912707;23.530666;,
  1.336050;23.602016;23.789411;,
  0.570436;24.607587;21.461206;,
  2.911601;27.848147;25.103331;,
  2.757330;26.221923;25.688352;,
  2.565050;25.045802;24.256771;,
  1.821087;28.087459;25.953792;,
  0.478273;28.094410;26.788042;,
  -2.777169;30.227837;26.397582;,
  -4.161152;31.904659;24.783642;,
  -5.444446;30.609050;23.752987;,
  3.270558;23.762280;24.313061;,
  1.731670;21.685461;24.162869;,
  3.859264;22.412670;24.374646;,
  -0.090470;21.500102;25.142664;,
  -0.090470;21.500102;25.142664;,
  -0.733337;22.685651;23.823307;,
  -1.722912;23.872496;21.444203;,
  -5.101033;33.075152;23.473659;,
  -6.301028;32.129709;23.217789;,
  -6.647398;29.569696;22.904046;,
  -5.691678;27.569619;25.169899;,
  -5.492515;25.864429;23.162384;,
  -4.602775;24.326653;24.133302;,
  -4.484908;26.160525;26.372122;,
  -3.124573;24.672421;27.556077;,
  -1.104795;25.920654;28.194448;,
  -1.986711;23.542755;29.639642;,
  -2.989631;22.854995;29.052653;,
  1.082138;20.056110;32.250422;,
  2.518820;22.883627;31.075997;,
  0.540272;22.339797;31.114352;,
  -0.174537;24.410789;30.027658;,
  -1.374656;21.393378;30.894813;,
  -2.348525;20.764458;30.392659;,
  -3.151076;20.596144;28.443686;,
  -3.182983;21.653013;27.323450;,
  -3.610260;22.916126;25.731976;,
  -2.299259;17.948181;30.411510;,
  -2.970412;19.459878;29.582560;,
  -1.814066;18.817427;31.448707;,
  -1.018445;19.272760;31.853501;,
  0.369660;17.990683;32.338608;,
  -0.040588;17.665688;32.256835;,
  0.162471;16.660763;31.774966;,
  -1.141129;17.392611;31.885354;,
  -1.484864;17.525536;31.691760;,
  -1.012164;16.463917;31.293946;,
  -1.857598;17.043392;30.690432;,
  -2.954471;19.112717;28.633174;,
  -2.241804;17.665155;29.252864;,
  -1.806674;16.753427;29.937616;,
  -1.365301;15.938422;30.537520;,
  -1.321207;15.749867;30.602806;,
  -0.766058;14.575902;31.083984;,
  0.036650;14.572266;31.306877;,
  -0.747262;14.067499;30.939149;,
  0.016758;14.025768;31.174499;,
  -0.039813;12.935434;30.514880;,
  -0.843937;13.032972;30.296762;,
  0.332951;12.965208;30.077478;,
  0.399932;14.363574;30.699741;,
  0.513802;15.850109;30.930003;,
  0.884179;16.737379;32.046195;,
  0.867909;17.970720;32.558778;,
  -1.180554;14.433458;30.483008;,
  -1.111858;12.974210;29.890070;,
  -0.805623;12.778967;30.102275;,
  -0.022909;12.683949;30.328400;,
  -0.067848;11.971611;29.694224;,
  0.133787;11.986755;29.395651;,
  -0.799952;12.033518;29.131760;,
  -0.681085;12.014174;29.525978;,
  0.830644;29.718397;18.053085;,
  0.695600;29.492499;20.375344;,
  0.497540;29.117059;18.486782;,
  1.211644;30.245354;19.850536;,
  -1.704061;35.290416;22.727280;,
  0.098470;33.705344;22.447445;,
  -0.138929;34.875818;21.765835;,
  1.519365;34.296045;20.822235;,
  1.326937;31.913315;21.504288;,
  2.802182;32.891997;18.577976;,
  2.068224;31.521872;16.934098;,
  -1.364839;29.211216;16.856282;,
  -1.368945;28.289526;17.702917;,
  0.184968;30.870416;15.805699;,
  2.391316;33.769277;15.249206;,
  1.336050;23.602016;23.789411;,
  -2.532199;25.393026;19.425152;,
  -3.641196;27.595894;18.201432;,
  -4.105191;28.506790;16.947910;,
  -1.813901;31.171552;14.836706;,
  1.056027;32.475757;14.732968;,
  -4.424903;30.450515;15.349088;,
  -4.771635;31.841968;14.466968;,
  -2.002497;32.130781;14.032229;,
  0.860666;33.974851;13.835734;,
  1.033406;34.527616;13.558114;,
  -1.418226;33.339757;13.627504;,
  1.187341;34.379040;13.204726;,
  -1.494087;33.336221;13.325729;,
  -4.676407;33.047402;13.708317;,
  -4.838766;33.317187;12.966810;,
  1.946940;35.644870;14.029470;,
  2.496417;36.379910;13.098499;,
  3.100017;35.915866;12.220838;,
  3.165317;37.454579;12.235804;,
  3.610852;37.123568;11.570031;,
  3.666601;38.525248;11.511576;,
  3.530501;39.543805;14.440571;,
  2.915449;37.924294;15.348066;,
  1.718544;40.853667;16.712477;,
  1.182334;38.786765;18.235125;,
  -1.235083;41.369888;18.673971;,
  3.515622;40.920294;12.879710;,
  1.369068;42.990490;14.681373;,
  -1.755758;43.948682;16.298677;,
  -4.368130;41.187370;18.939482;,
  -3.927297;39.023328;19.646389;,
  -6.538183;38.517443;18.506621;,
  -5.904663;37.271594;18.781291;,
  -3.749730;37.860650;20.252155;,
  -0.392661;36.557414;20.408562;,
  1.289359;36.168797;19.434870;,
  0.580283;37.590614;18.710125;,
  -1.679507;37.583488;20.092408;,
  -1.461006;39.017293;19.644170;,
  -1.899282;36.967318;21.496442;,
  2.870502;35.223078;17.145979;,
  1.958962;36.912637;15.795086;,
  -7.654885;32.204166;18.495346;,
  -7.361024;32.744240;15.904986;,
  -7.443339;30.716858;17.108941;,
  -7.979989;35.290358;17.989478;,
  -8.078407;33.688525;19.762030;,
  -6.191851;35.419139;21.059285;,
  -3.725998;36.611546;21.519782;,
  -7.663232;36.576224;16.799734;,
  -7.076169;34.077030;15.057598;,
  -4.771635;31.841968;14.466968;,
  -4.424903;30.450515;15.349088;,
  -4.105191;28.506790;16.947910;,
  -7.162058;29.702381;18.217782;,
  -6.598696;28.971443;18.776498;,
  -3.641196;27.595894;18.201432;,
  -7.570913;34.826374;14.185342;,
  -4.676407;33.047402;13.708317;,
  -4.838766;33.317187;12.966810;,
  -8.400772;35.289702;12.647724;,
  -9.815434;39.033514;13.989530;,
  -8.958401;38.010205;15.879442;,
  -7.413224;40.254019;17.950026;,
  -8.063750;42.089123;15.117933;,
  -5.090198;43.899926;16.480773;,
  -7.714467;31.806054;21.152958;,
  -7.488913;31.070573;19.419133;,
  -7.345366;30.794118;21.880157;,
  -6.214863;33.441578;22.400834;,
  -3.410509;34.815693;22.690114;,
  -3.334884;34.014710;23.324795;,
  -1.637524;34.378467;22.975106;,
  -7.946954;29.553642;20.996269;,
  -7.677405;28.840352;21.571856;,
  -6.214863;33.441578;22.400834;,
  -2.593049;32.761699;24.746250;,
  -7.611050;30.381430;19.794789;,
  -7.430073;28.816877;19.706130;,
  -7.787356;29.733450;20.118309;,
  -7.058326;27.861258;20.331054;,
  -5.664284;27.664627;19.946422;,
  -4.608258;25.099808;20.694256;,
  -2.532199;25.393026;19.425152;,
  -1.722912;23.872496;21.444203;,
  -3.457451;23.723739;22.414800;,
  -0.733337;22.685651;23.823307;,
  -2.440022;22.565462;24.730763;,
  -1.640059;21.308590;25.885186;,
  -0.090470;21.500102;25.142664;,
  -6.371435;27.368573;21.916829;,
  -6.867502;28.031434;21.295776;,
  5.031034;13.038566;31.130013;,
  4.487793;14.972629;30.678173;,
  5.036127;14.885918;31.710973;,
  4.398689;16.509381;30.160451;,
  4.704626;16.807590;31.347056;,
  3.191999;16.079515;30.203526;,
  3.640036;14.787318;30.538045;,
  4.703953;13.450293;30.259914;,
  3.897881;13.327951;30.198240;,
  4.633028;12.245644;29.702342;,
  4.017945;12.211897;29.524918;,
  4.938481;11.537661;29.991533;,
  3.830351;11.425207;30.025542;,
  3.564315;12.831306;31.065114;,
  3.272028;14.526336;31.616246;,
  2.895338;16.084786;31.488669;,
  2.778208;16.171120;29.855424;,
  2.754412;16.182051;31.363350;,
  2.341551;15.883190;30.133622;,
  4.672227;16.844166;29.795933;,
  5.036652;17.037714;31.278166;,
  17.210414;27.907315;-1.314167;,
  17.386418;26.887018;-0.418932;,
  16.703723;27.714646;-1.323811;,
  17.388347;28.069165;-0.157882;,
  16.914840;28.009069;-0.296980;,
  16.162357;28.831210;0.000001;,
  17.128506;29.840730;0.000001;,
  16.756611;29.464230;-1.692501;,
  15.985624;28.402090;-1.552889;,
  16.569549;27.894714;-1.857997;,
  17.044346;27.965488;-1.810782;,
  17.021358;26.650976;-1.920958;,
  16.502419;29.052960;-2.672173;,
  16.854642;27.806275;-2.461823;,
  16.368386;27.767552;-2.418151;,
  15.798616;28.026378;-2.501006;,
  16.049118;27.776816;-2.784501;,
  16.708099;27.830944;-2.877547;,
  16.604877;26.925968;-3.156646;,
  16.545731;27.662179;-3.458908;,
  15.833786;27.578032;-3.387396;,
  16.133130;28.882307;-3.669695;,
  15.166661;27.879978;-3.463648;,
  16.399658;27.323926;-3.998411;,
  15.677494;27.137834;-3.861740;,
  16.101659;26.259024;-4.202651;,
  15.852856;27.050278;-4.564659;,
  15.273827;28.382739;-4.765066;,
  15.252136;30.197203;-4.326956;,
  16.082910;31.071565;-2.059437;,
  16.438637;31.346461;0.000001;,
  14.281453;33.096554;0.000001;,
  13.991957;32.636413;-2.320256;,
  10.591222;34.647258;0.000000;,
  10.414838;34.075702;-2.390265;,
  6.357259;34.418845;0.000000;,
  13.529213;31.978163;-4.596418;,
  6.156867;32.740877;-3.607335;,
  10.197987;33.305171;-4.656806;,
  12.977280;30.474979;-6.247047;,
  14.684667;28.395722;-5.702302;,
  15.096854;26.061301;-5.225800;,
  14.662138;26.084048;-6.020278;,
  14.028102;24.394306;-5.463214;,
  10.353270;23.576197;-8.471707;,
  12.636309;22.516947;-7.283759;,
  11.301331;20.606917;-7.408439;,
  11.849017;24.397787;-7.563030;,
  10.812000;25.583178;-8.445072;,
  12.570623;26.035829;-7.391378;,
  11.363487;28.305274;-7.976923;,
  13.694747;27.805075;-6.374832;,
  14.055309;25.884931;-6.245857;,
  13.843498;25.621419;-5.743095;,
  13.350262;26.776898;-5.891094;,
  12.346271;25.683874;-6.570233;,
  11.548985;24.235395;-6.641189;,
  12.153829;22.797878;-6.428196;,
  13.520061;21.429776;-6.170598;,
  13.173660;19.742077;-5.838692;,
  12.242870;18.437168;-6.306137;,
  14.162725;19.189400;-4.585693;,
  12.838060;17.722306;-4.457823;,
  13.570976;16.971771;-2.567541;,
  10.114118;15.458480;-2.172454;,
  10.540229;15.165800;0.000000;,
  6.372378;15.663651;0.000000;,
  14.181563;16.808192;0.000001;,
  15.320190;18.234266;-1.632442;,
  15.799683;18.297704;0.000001;,
  14.691349;18.590102;-3.480677;,
  16.419442;19.659597;-1.500300;,
  16.467742;19.645026;0.000001;,
  16.039584;19.948747;-2.588544;,
  15.642602;20.023922;-3.628432;,
  14.854795;20.598718;-4.683901;,
  14.190566;20.746544;-5.730478;,
  14.979045;22.284805;-4.753302;,
  14.741131;22.312122;-5.579398;,
  14.013157;22.760400;-5.818557;,
  14.392646;24.389886;-4.966772;,
  13.834925;22.887890;-5.235499;,
  13.059807;21.954306;-5.509491;,
  10.088546;22.649675;-5.106072;,
  10.792109;24.196520;-5.936682;,
  9.755755;24.079382;-5.223406;,
  10.834207;22.944968;-5.742650;,
  10.836867;22.063546;-5.150737;,
  12.153829;22.797878;-6.428196;,
  9.277250;22.233680;-3.171463;,
  8.646657;23.959112;-3.093732;,
  9.852439;25.095021;-5.054452;,
  10.837797;25.434350;-5.895334;,
  7.823579;23.728675;0.000000;,
  9.396227;25.874520;-3.152868;,
  11.193797;26.629243;-4.651362;,
  12.346271;25.683874;-6.570233;,
  11.548985;24.235395;-6.641189;,
  11.689167;27.895370;-3.745861;,
  11.779242;28.599901;0.000001;,
  14.491261;27.909600;-2.442636;,
  15.020054;28.381290;0.000001;,
  11.719088;28.311811;-1.869152;,
  8.725990;26.403853;0.000000;,
  16.703723;27.714646;-1.323811;,
  17.386418;26.887018;-0.418932;,
  16.914840;28.009069;-0.296980;,
  15.985624;28.402090;-1.552889;,
  16.162357;28.831210;0.000001;,
  15.798616;28.026378;-2.501006;,
  15.166661;27.879978;-3.463648;,
  14.236285;27.607421;-4.574718;,
  13.350262;26.776898;-5.891094;,
  15.833786;27.578032;-3.387396;,
  16.604877;26.925968;-3.156646;,
  16.049118;27.776816;-2.784501;,
  16.368386;27.767552;-2.418151;,
  17.021358;26.650976;-1.920958;,
  16.569549;27.894714;-1.857997;,
  6.600163;16.667579;27.783350;,
  7.315927;15.612531;26.861674;,
  7.425392;15.895784;27.745341;,
  6.299085;17.026254;26.626968;,
  6.417434;16.403104;26.826214;,
  7.218547;16.716168;26.443203;,
  6.576181;18.178538;26.475994;,
  7.783043;18.393120;25.981264;,
  7.245910;19.725296;25.580666;,
  5.067386;20.745394;25.054550;,
  6.692162;20.800478;25.182517;,
  5.721712;20.082211;25.281514;,
  6.012169;19.119952;26.203888;,
  6.870440;18.593080;27.788707;,
  6.503128;17.325386;27.758374;,
  3.767641;20.018194;26.285683;,
  3.702865;20.857150;24.840906;,
  3.944011;18.453869;28.341238;,
  1.684025;19.429091;27.521674;,
  3.694261;19.895346;27.590778;,
  2.087483;19.838282;26.430534;,
  2.124131;20.507741;25.034750;,
  1.731670;21.685461;24.162869;,
  3.859264;22.412670;24.374646;,
  5.907750;21.740688;24.901522;,
  -0.318521;18.696995;27.211200;,
  0.481652;19.843624;26.685205;,
  0.967158;20.182245;25.988622;,
  0.263848;20.899744;25.708427;,
  -0.090470;21.500102;25.142664;,
  -0.948278;20.217312;26.271986;,
  -1.640059;21.308590;25.885186;,
  -2.546936;20.175752;27.016042;,
  -2.224994;18.818387;27.770163;,
  -3.151076;20.596144;28.443686;,
  -3.182983;21.653013;27.323450;,
  -2.954471;19.112717;28.633174;,
  -1.631463;17.553413;28.594525;,
  0.407106;17.355195;28.175165;,
  2.206203;18.031317;28.474163;,
  -2.241804;17.665155;29.252864;,
  -1.173537;16.408840;29.364272;,
  0.776694;16.227856;29.015136;,
  -1.008299;15.764971;29.855248;,
  -1.806674;16.753427;29.937616;,
  -1.365301;15.938422;30.537520;,
  0.074424;13.295418;29.388394;,
  -0.758651;14.540811;29.706957;,
  0.080986;14.523674;29.964355;,
  -0.666832;13.308082;29.165462;,
  -1.111858;12.974210;29.890070;,
  -1.180554;14.433458;30.483008;,
  -0.965629;15.546048;29.911389;,
  -1.321207;15.749867;30.602806;,
  0.296787;15.612150;29.919290;,
  0.719239;15.804726;29.760182;,
  2.549101;16.558520;29.243418;,
  2.486967;12.856203;30.717328;,
  2.150835;14.428566;30.374259;,
  2.560050;14.559470;31.401248;,
  2.341551;15.883190;30.133622;,
  0.984438;15.677160;30.020749;,
  2.778208;16.171120;29.855424;,
  4.672227;16.844166;29.795933;,
  2.754412;16.182051;31.363350;,
  0.513802;15.850109;30.930003;,
  0.680612;15.956712;31.047715;,
  0.814525;14.536888;30.637114;,
  2.139829;13.175249;29.782013;,
  2.032147;12.354982;29.215680;,
  2.279864;11.453720;29.477946;,
  1.424121;12.354214;29.121997;,
  1.274949;11.432764;29.383514;,
  0.965163;12.863213;30.396406;,
  1.379839;13.174094;29.683171;,
  0.809172;14.142278;31.068934;,
  5.014835;19.717482;26.028816;,
  6.062459;19.404050;27.513184;,
  4.981668;20.512749;27.585363;,
  6.502359;19.862757;27.686768;,
  6.215808;21.344554;27.873846;,
  5.663859;21.141827;28.560822;,
  6.000335;20.226456;29.284602;,
  5.357303;19.530834;28.731360;,
  6.283690;19.213437;29.951808;,
  5.695617;18.411104;29.376582;,
  4.194794;17.272477;29.141690;,
  6.122222;17.772203;29.926739;,
  6.538423;18.458526;30.386442;,
  6.715872;17.984344;30.823379;,
  6.215950;17.475803;30.016070;,
  7.206493;16.382858;31.446682;,
  6.418257;16.205674;30.166634;,
  5.067745;16.903294;29.963904;,
  5.541408;15.623907;31.490045;,
  5.924028;14.381803;29.754605;,
  5.928628;13.909197;30.893491;,
  5.543394;15.861563;30.112150;,
  6.717678;14.615862;29.792973;,
  5.036652;17.037714;31.278166;,
  7.466146;14.416118;30.902150;,
  6.689165;13.733952;29.293274;,
  6.164509;13.572869;29.281786;,
  6.338242;12.640677;29.646099;,
  7.269901;12.891216;29.683120;,
  16.725403;20.750446;-1.632731;,
  16.039584;19.948747;-2.588544;,
  16.486565;20.823994;-2.378164;,
  16.419442;19.659597;-1.500300;,
  16.086026;20.983482;-2.331817;,
  15.344386;20.664435;-2.481294;,
  16.764992;21.895446;-1.879049;,
  16.254448;20.913136;-1.603757;,
  15.637525;20.483339;-1.373297;,
  16.387120;20.773829;-1.201379;,
  16.834714;20.565302;-1.258622;,
  17.028126;21.760344;-0.583681;,
  16.938144;20.583886;-0.246011;,
  16.467742;19.645026;0.000001;,
  16.490318;20.810141;-0.299914;,
  15.913517;20.320763;0.000001;,
  2.915348;23.624093;-7.553463;,
  2.060856;20.952803;-5.574376;,
  2.592592;23.629818;-7.008344;,
  1.319193;23.580059;-5.263495;,
  4.181308;23.685866;-8.122731;,
  2.231852;20.424374;-6.115108;,
  1.404002;19.203659;-2.761370;,
  0.218534;22.101773;-2.740884;,
  -0.103886;24.915960;-2.752570;,
  1.787960;26.569787;-5.566085;,
  3.261969;19.330904;-6.411408;,
  1.545092;18.540330;-3.027783;,
  1.078078;18.450093;0.000000;,
  -0.214806;21.531534;-0.000000;,
  -0.702279;25.082867;-0.000000;,
  0.612152;27.951987;-2.799528;,
  1.937609;30.357805;-2.934650;,
  1.417332;31.061107;0.000000;,
  1.544459;31.776486;0.000000;,
  0.166008;28.451523;0.000000;,
  2.764572;17.918709;-3.154848;,
  6.128862;18.009032;-6.126857;,
  6.094280;20.036946;-7.462090;,
  6.048966;16.410538;-3.756233;,
  2.295125;17.059795;0.000000;,
  1.201608;17.755150;0.000000;,
  9.636026;16.232227;-4.415590;,
  9.457710;17.482333;-6.229454;,
  8.818355;20.010443;-7.873349;,
  8.546718;23.676173;-8.851346;,
  6.166192;23.700571;-8.473850;,
  8.661392;25.825136;-8.987282;,
  6.124600;25.939210;-8.661750;,
  4.112268;26.053688;-8.133024;,
  2.973240;25.876621;-7.485394;,
  2.758800;28.853686;-6.229416;,
  3.804508;29.377552;-6.355331;,
  3.110444;31.765430;-3.108133;,
  2.116668;31.084768;-3.044060;,
  2.506946;28.331744;-5.842447;,
  2.665997;25.847555;-6.939109;,
  2.610974;32.529133;0.000000;,
  9.652023;31.552973;-6.358646;,
  6.159292;30.682515;-6.222540;,
  6.209049;28.533542;-7.778966;,
  9.137473;28.901466;-8.000929;,
  15.495683;21.427890;-3.712772;,
  14.823141;20.908701;-3.378839;,
  15.972758;21.149472;-3.642982;,
  15.848883;22.750107;-3.662170;,
  15.333221;21.485594;-4.407040;,
  16.146843;20.916099;-3.347299;,
  15.686408;21.146749;-3.277110;,
  16.325136;20.793110;-2.693387;,
  15.912754;21.021405;-2.646844;,
  16.466907;21.910494;-2.885049;,
  15.344386;20.664435;-2.481294;,
  12.950255;21.393094;-4.195830;,
  11.054452;21.221077;-3.681202;,
  11.658842;20.704498;-1.439208;,
  14.030694;20.810328;-2.422423;,
  16.254448;20.913136;-1.603757;,
  16.764992;21.895446;-1.879049;,
  16.086026;20.983482;-2.331817;,
  15.637525;20.483339;-1.373297;,
  15.344386;20.664435;-2.481294;,
  14.803966;20.573576;0.000001;,
  12.042875;20.429662;0.000001;,
  8.854493;21.858922;0.000000;,
  16.490318;20.810141;-0.299914;,
  17.028126;21.760344;-0.583681;,
  16.387120;20.773829;-1.201379;,
  15.913517;20.320763;0.000001;,
  13.852408;21.274760;-4.536264;,
  13.834925;22.887890;-5.235499;,
  13.059807;21.954306;-5.509491;,
  14.382336;22.790712;-4.610176;,
  14.392646;24.389886;-4.966772;,
  14.979045;22.284805;-4.753302;,
  14.854795;20.598718;-4.683901;,
  14.805570;21.669512;-4.390285;,
  15.495683;21.427890;-3.712772;,
  15.848883;22.750107;-3.662170;,
  15.333221;21.485594;-4.407040;,
  14.823141;20.908701;-3.378839;,
  15.912754;21.021405;-2.646844;,
  16.466907;21.910494;-2.885049;,
  15.686408;21.146749;-3.277110;,
  13.350262;26.776898;-5.891094;,
  14.331421;25.885267;-5.073812;,
  14.236285;27.607421;-4.574718;,
  13.843498;25.621419;-5.743095;,
  14.028102;24.394306;-5.463214;,
  15.096854;26.061301;-5.225800;,
  15.273827;28.382739;-4.765066;,
  15.852856;27.050278;-4.564659;,
  15.241818;26.898042;-4.490152;,
  16.101659;26.259024;-4.202651;,
  15.677494;27.137834;-3.861740;,
  15.166661;27.879978;-3.463648;,
  10.836866;22.063546;5.150738;,
  12.153828;22.797878;6.428196;,
  13.059807;21.954306;5.509492;,
  13.834925;22.887890;5.235501;,
  13.852408;21.274760;4.536266;,
  12.950254;21.393094;4.195831;,
  11.054451;21.221077;3.681202;,
  9.277250;22.233680;3.171463;,
  11.658842;20.704498;1.439209;,
  14.030694;20.810328;2.422424;,
  14.823141;20.908701;3.378841;,
  15.495683;21.427890;3.712774;,
  14.805570;21.669512;4.390287;,
  15.848883;22.896946;3.735589;,
  15.333221;21.485594;4.407042;,
  16.254448;20.886674;1.488753;,
  16.086026;20.983482;2.331818;,
  16.764992;21.893707;1.970703;,
  15.637525;20.483339;1.373299;,
  15.344386;20.664435;2.481295;,
  14.803966;20.573576;0.000001;,
  12.042875;20.429662;0.000001;,
  8.854493;21.858922;0.000000;,
  7.823579;23.728675;0.000000;,
  10.088546;22.649675;5.106073;,
  8.646656;23.959112;3.093733;,
  9.396227;25.874520;3.152869;,
  8.725990;26.403853;0.000000;,
  10.792109;24.196520;5.936683;,
  10.834206;22.944968;5.742650;,
  11.193797;26.629243;4.651363;,
  9.852438;25.095021;5.054453;,
  10.837797;25.434350;5.895335;,
  9.755754;24.079382;5.223407;,
  11.689166;27.895370;3.745862;,
  13.350262;26.776898;5.891094;,
  12.346271;25.683874;6.570234;,
  11.548983;24.235395;6.641190;,
  14.491261;27.909600;2.442637;,
  11.719088;28.311811;1.869153;,
  16.368386;27.767552;2.418153;,
  16.569549;27.894714;1.857998;,
  17.021358;27.027766;2.092913;,
  15.798616;28.026378;2.501007;,
  15.985624;28.402090;1.552890;,
  15.020054;28.381290;0.000001;,
  11.779242;28.599901;0.000001;,
  16.162357;28.831210;0.000001;,
  16.914840;28.009069;0.296982;,
  16.703723;27.676966;1.344578;,
  17.386418;26.945046;0.589833;,
  14.236285;27.607421;4.574720;,
  15.166661;27.879978;3.463650;,
  16.049118;27.776816;2.784502;,
  15.833786;27.578032;3.387398;,
  16.604877;26.736318;3.005090;,
  2.592591;23.629818;7.008344;,
  2.973239;25.876621;7.485395;,
  2.665996;25.847555;6.939109;,
  2.758799;28.853686;6.229416;,
  4.112268;26.053688;8.133024;,
  3.804507;29.377552;6.355332;,
  2.915347;23.624093;7.553465;,
  2.060855;20.952803;5.574376;,
  1.319193;23.580059;5.263495;,
  0.218534;22.101773;2.740884;,
  -0.103886;24.915960;2.752570;,
  -0.702279;25.082867;-0.000000;,
  0.612152;27.951987;2.799528;,
  4.181307;23.685866;8.122731;,
  6.124599;25.939210;8.634054;,
  2.231851;20.424374;6.115108;,
  1.404002;19.203659;2.761371;,
  -0.214806;21.531534;-0.000000;,
  1.078078;18.450093;0.000000;,
  1.545092;18.540330;3.027783;,
  3.261968;19.330904;6.411409;,
  6.094280;20.036946;7.462091;,
