xof 0303txt 0032
template ColorRGBA {
 <35ff44e0-6c7c-11cf-8f52-0040333594a3>
 FLOAT red;
 FLOAT green;
 FLOAT blue;
 FLOAT alpha;
}

template ColorRGB {
 <d3e16e81-7835-11cf-8f52-0040333594a3>
 FLOAT red;
 FLOAT green;
 FLOAT blue;
}

template Material {
 <3d82ab4d-62da-11cf-ab39-0020af71e433>
 ColorRGBA faceColor;
 FLOAT power;
 ColorRGB specularColor;
 ColorRGB emissiveColor;
 [...]
}

template TextureFilename {
 <a42790e1-7810-11cf-8f52-0040333594a3>
 STRING filename;
}

template Frame {
 <3d82ab46-62da-11cf-ab39-0020af71e433>
 [...]
}

template Matrix4x4 {
 <f6f23f45-7686-11cf-8f52-0040333594a3>
 array FLOAT matrix[16];
}

template FrameTransformMatrix {
 <f6f23f41-7686-11cf-8f52-0040333594a3>
 Matrix4x4 frameMatrix;
}

template Vector {
 <3d82ab5e-62da-11cf-ab39-0020af71e433>
 FLOAT x;
 FLOAT y;
 FLOAT z;
}

template MeshFace {
 <3d82ab5f-62da-11cf-ab39-0020af71e433>
 DWORD nFaceVertexIndices;
 array DWORD faceVertexIndices[nFaceVertexIndices];
}

template Mesh {
 <3d82ab44-62da-11cf-ab39-0020af71e433>
 DWORD nVertices;
 array Vector vertices[nVertices];
 DWORD nFaces;
 array MeshFace faces[nFaces];
 [...]
}

template MeshNormals {
 <f6f23f43-7686-11cf-8f52-0040333594a3>
 DWORD nNormals;
 array Vector normals[nNormals];
 DWORD nFaceNormals;
 array MeshFace faceNormals[nFaceNormals];
}

template MeshMaterialList {
 <f6f23f42-7686-11cf-8f52-0040333594a3>
 DWORD nMaterials;
 DWORD nFaceIndexes;
 array DWORD faceIndexes[nFaceIndexes];
 [Material <3d82ab4d-62da-11cf-ab39-0020af71e433>]
}

template Coords2d {
 <f6f23f44-7686-11cf-8f52-0040333594a3>
 FLOAT u;
 FLOAT v;
}

template MeshTextureCoords {
 <f6f23f40-7686-11cf-8f52-0040333594a3>
 DWORD nTextureCoords;
 array Coords2d textureCoords[nTextureCoords];
}

template XSkinMeshHeader {
 <3cf169ce-ff7c-44ab-93c0-f78f62d172e2>
 WORD nMaxSkinWeightsPerVertex;
 WORD nMaxSkinWeightsPerFace;
 WORD nBones;
}

template SkinWeights {
 <6f0d123b-bad2-4167-a0d0-80224f25fabb>
 STRING transformNodeName;
 DWORD nWeights;
 array DWORD vertexIndices[nWeights];
 array FLOAT weights[nWeights];
 Matrix4x4 matrixOffset;
}

template AnimTicksPerSecond {
 <9e415a43-7ba6-4a73-8743-b73d47e88476>
 DWORD AnimTicksPerSecond;
}

template Animation {
 <3d82ab4f-62da-11cf-ab39-0020af71e433>
 [...]
}

template AnimationSet {
 <3d82ab50-62da-11cf-ab39-0020af71e433>
 [Animation <3d82ab4f-62da-11cf-ab39-0020af71e433>]
}

template FloatKeys {
 <10dd46a9-775b-11cf-8f52-0040333594a3>
 DWORD nValues;
 array FLOAT values[nValues];
}

template TimedFloatKeys {
 <f406b180-7b3b-11cf-8f52-0040333594a3>
 DWORD time;
 FloatKeys tfkeys;
}

template AnimationKey {
 <10dd46a8-775b-11cf-8f52-0040333594a3>
 DWORD keyType;
 DWORD nKeys;
 array TimedFloatKeys keys[nKeys];
}


Material Ghost_MI {
 1.000000;1.000000;1.000000;1.000000;;
 10.000000;
 0.000000;0.000000;0.000000;;
 0.000000;0.000000;0.000000;;

 TextureFilename {
  "Ghost_diff.tga";
 }
}

Frame Dummy_root {
 

 FrameTransformMatrix {
  1.000000,0.000000,0.000000,0.000000,0.000000,1.000000,0.000000,0.000000,0.000000,-0.000000,1.000000,0.000000,0.000000,0.000000,0.000000,1.000000;;
 }

 Frame Bip01 {
  

  FrameTransformMatrix {
   0.961724,0.160253,-0.222273,0.000000,-0.113545,0.971301,0.209001,0.000000,0.249388,-0.175763,0.952320,0.000000,0.000000,25.245808,0.669708,1.000000;;
  }

  Frame Bip01-Pelvis {
   

   FrameTransformMatrix {
    0.000000,1.000000,-0.000002,0.000000,-0.000002,0.000001,1.000000,0.000000,1.000000,-0.000000,0.000001,0.000000,0.000000,0.000000,0.000000,1.000000;;
   }

   Frame Bip01-Spine {
    

    FrameTransformMatrix {
     0.966213,-0.141076,-0.215709,0.000000,0.179049,0.969387,0.168018,0.000000,0.185402,-0.200963,0.961894,0.000000,2.330124,0.000303,-0.338925,1.000000;;
    }

    Frame Bip01-Spine1 {
     

     FrameTransformMatrix {
      0.987991,-0.087034,-0.127670,0.000000,0.113428,0.969607,0.216785,0.000000,0.104922,-0.228663,0.967835,0.000000,1.866295,0.000777,-0.003288,1.000000;;
     }

     Frame Bip01-Spine2 {
      

      FrameTransformMatrix {
       0.691174,-0.148973,0.707167,0.000000,0.015634,0.981376,0.191458,0.000000,-0.722519,-0.121275,0.680631,0.000000,4.268902,0.000659,-0.003688,1.000000;;
      }

      Frame Bip01-Neck {
       

       FrameTransformMatrix {
        0.514548,0.560331,0.649053,0.000000,-0.429840,0.823527,-0.370192,0.000000,-0.741942,-0.088507,0.664597,0.000000,6.410431,0.000196,-0.129969,1.000000;;
       }

       Frame Bip01-Head {
        

        FrameTransformMatrix {
         0.846661,0.246090,-0.471811,0.000000,-0.279219,0.960228,-0.000215,0.000000,0.452993,0.131920,0.881700,0.000000,2.768541,0.000000,0.000000,1.000000;;
        }

        Frame Bone12 {
         

         FrameTransformMatrix {
          -0.458931,-0.024208,0.888143,0.000000,0.008561,-0.999703,-0.022825,0.000000,0.888431,-0.002871,0.459001,0.000000,-0.168379,0.000004,2.143944,1.000000;;
         }
        }
       }
      }

      Frame Bip01-L-Clavicle {
       

       FrameTransformMatrix {
        0.163904,0.984201,-0.066965,0.000000,0.986476,-0.163580,0.010326,0.000000,-0.000791,-0.067752,-0.997702,0.000000,5.347572,2.276479,-2.969141,1.000000;;
       }

       Frame Bip01-L-UpperArm {
        

        FrameTransformMatrix {
         0.248407,-0.910538,0.330477,0.000000,0.791141,0.387568,0.473167,0.000000,-0.558919,0.143917,0.816638,0.000000,4.257294,0.000006,0.000000,1.000000;;
        }

        Frame Bip01-L-Forearm {
         

         FrameTransformMatrix {
          -0.228298,-0.000000,-0.973591,0.000000,-0.000000,1.000000,-0.000000,0.000000,0.973591,0.000000,-0.228298,0.000000,6.951310,0.000000,-0.000000,1.000000;;
         }

         Frame Bip01-L-Hand {
          

          FrameTransformMatrix {
           0.969181,-0.234992,0.073946,0.000000,-0.001904,0.293012,0.956107,0.000000,-0.246344,-0.926781,0.283534,0.000000,14.347006,0.000000,-0.000005,1.000000;;
          }

          Frame Bip01-L-Finger0 {
           

           FrameTransformMatrix {
            0.239972,-0.970779,-0.001086,0.000000,0.721748,0.179161,-0.668566,0.000000,0.649225,0.159653,0.743652,0.000000,2.129570,-1.468959,0.197033,1.000000;;
           }

           Frame Bip01-L-Finger01 {
            

            FrameTransformMatrix {
             0.490350,0.000000,0.871526,0.000000,-0.000000,1.000000,-0.000000,0.000000,-0.871526,0.000000,0.490350,0.000000,1.739552,0.000004,-0.000006,1.000000;;
            }

            Frame Bip01-L-Finger02 {
             

             FrameTransformMatrix {
              0.946680,-0.000000,0.322175,0.000000,0.000000,1.000000,0.000000,0.000000,-0.322175,0.000000,0.946680,0.000000,1.922224,0.000004,0.000000,1.000000;;
             }
            }
           }
          }

          Frame Bip01-L-Finger1 {
           

           FrameTransformMatrix {
            0.715754,-0.233254,-0.658247,0.000000,0.156373,0.972169,-0.174459,0.000000,0.680620,0.021937,0.732308,0.000000,4.683956,-1.921189,-0.115631,1.000000;;
           }

           Frame Bip01-L-Finger11 {
            

            FrameTransformMatrix {
             0.746138,-0.000000,0.665791,0.000000,0.000000,1.000000,-0.000000,0.000000,-0.665791,0.000000,0.746138,0.000000,1.460651,-0.000001,-0.000004,1.000000;;
            }

            Frame Bip01-L-Finger12 {
             

             FrameTransformMatrix {
              0.825532,-0.000000,0.564355,0.000000,0.000000,1.000000,0.000000,0.000000,-0.564355,-0.000000,0.825532,0.000000,2.015002,-0.000001,0.000004,1.000000;;
             }
            }
           }
          }

          Frame Bip01-L-Finger2 {
           

           FrameTransformMatrix {
            0.848979,-0.082730,-0.521910,0.000000,0.042013,0.995109,-0.089398,0.000000,0.526753,0.053970,0.848303,0.000000,4.833446,-0.656355,0.045906,1.000000;;
           }

           Frame Bip01-L-Finger21 {
            

            FrameTransformMatrix {
             0.956150,-0.000000,0.292877,0.000000,0.000000,1.000000,0.000000,0.000000,-0.292877,-0.000000,0.956150,0.000000,1.576969,0.000002,0.000004,1.000000;;
            }

            Frame Bip01-L-Finger22 {
             

             FrameTransformMatrix {
              0.796638,0.000000,0.604457,0.000000,-0.000000,1.000000,-0.000000,0.000000,-0.604457,-0.000000,0.796638,0.000000,1.964785,0.000000,0.000000,1.000000;;
             }
            }
           }
          }

          Frame Bip01-L-Finger3 {
           

           FrameTransformMatrix {
            0.867913,0.013328,-0.496538,0.000000,-0.107056,0.981166,-0.160789,0.000000,0.485043,0.192708,0.852993,0.000000,5.074289,0.522882,0.255795,1.000000;;
           }

           Frame Bip01-L-Finger31 {
            

            FrameTransformMatrix {
             0.956872,-0.000000,0.290510,0.000000,0.000000,1.000000,0.000000,0.000000,-0.290510,0.000000,0.956872,0.000000,1.667147,0.000000,0.000002,1.000000;;
            }

            Frame Bip01-L-Finger32 {
             

             FrameTransformMatrix {
              0.325701,0.000000,0.945473,0.000000,-0.000000,1.000000,-0.000000,0.000000,-0.945473,-0.000000,0.325701,0.000000,1.963667,0.000001,-0.000004,1.000000;;
             }
            }
           }
          }

          Frame Bip01-L-Finger4 {
           

           FrameTransformMatrix {
            0.888692,0.002219,-0.458499,0.000000,-0.129770,0.960318,-0.246881,0.000000,0.439757,0.278901,0.853715,0.000000,5.328962,1.684681,0.208191,1.000000;;
           }

           Frame Bip01-L-Finger41 {
            

            FrameTransformMatrix {
             0.359501,-0.000000,0.933145,0.000000,0.000000,1.000000,-0.000000,0.000000,-0.933145,0.000000,0.359501,0.000000,1.683428,0.000000,-0.000004,1.000000;;
            }

            Frame Bip01-L-Finger42 {
             

             FrameTransformMatrix {
              0.873589,-0.000000,0.486664,0.000000,-0.000000,1.000000,0.000000,0.000000,-0.486664,-0.000000,0.873589,0.000000,1.939201,0.000002,0.000000,1.000000;;
             }
            }
           }
          }
         }
        }
       }
      }

      Frame Bip01-R-Clavicle {
       

       FrameTransformMatrix {
        -0.214221,-0.914967,0.341971,0.000000,-0.976785,0.200930,-0.074283,0.000000,-0.000746,-0.349945,-0.936770,0.000000,5.347565,-2.276496,-2.969124,1.000000;;
       }

       Frame Bip01-R-UpperArm {
        

        FrameTransformMatrix {
         0.425992,0.894958,-0.132591,0.000000,-0.902172,0.431208,0.012033,0.000000,0.067943,0.114494,0.991098,0.000000,4.257286,0.000004,0.000000,1.000000;;
        }

        Frame Bip01-R-Forearm {
         

         FrameTransformMatrix {
          -0.421950,0.000000,-0.906619,0.000000,0.000000,1.000000,0.000000,0.000000,0.906619,-0.000000,-0.421950,0.000000,6.951306,-0.000001,0.000000,1.000000;;
         }

         Frame Bip01-R-Hand {
          

          FrameTransformMatrix {
           0.582098,0.755270,-0.301212,0.000000,0.026097,-0.387603,-0.921457,0.000000,-0.812700,0.528518,-0.245333,0.000000,14.347006,0.000003,0.000000,1.000000;;
          }

          Frame Bip01-R-Finger0 {
           

           FrameTransformMatrix {
            0.314376,0.942710,0.111655,0.000000,-0.663023,0.133871,0.736532,0.000000,0.679388,-0.305578,0.667124,0.000000,2.129566,1.468960,0.197029,1.000000;;
           }

           Frame Bip01-R-Finger01 {
            

            FrameTransformMatrix {
             0.983793,0.000000,0.179306,0.000000,-0.000000,1.000000,-0.000000,0.000000,-0.179306,-0.000000,0.983793,0.000000,1.739552,-0.000001,-0.000001,1.000000;;
            }

            Frame Bip01-R-Finger02 {
             

             FrameTransformMatrix {
              0.948668,-0.000000,0.316274,0.000000,0.000000,1.000000,0.000000,0.000000,-0.316275,0.000000,0.948668,0.000000,1.922222,0.000000,0.000000,1.000000;;
             }
            }
           }
          }

          Frame Bip01-R-Finger1 {
           

           FrameTransformMatrix {
            0.796830,0.312140,-0.517331,0.000000,-0.285684,0.949102,0.132626,0.000000,0.532398,0.042112,0.845446,0.000000,4.683962,1.921196,-0.115633,1.000000;;
           }

           Frame Bip01-R-Finger11 {
            

            FrameTransformMatrix {
             0.923187,0.000000,0.384351,0.000000,-0.000000,1.000000,-0.000000,0.000000,-0.384351,-0.000000,0.923187,0.000000,1.460640,0.000000,-0.000002,1.000000;;
            }

            Frame Bip01-R-Finger12 {
             

             FrameTransformMatrix {
              0.793289,-0.000000,0.608846,0.000000,0.000000,1.000000,-0.000000,0.000000,-0.608846,0.000000,0.793289,0.000000,2.015007,-0.000004,-0.000002,1.000000;;
             }
            }
           }
          }

          Frame Bip01-R-Finger2 {
           

           FrameTransformMatrix {
            0.943517,0.024602,-0.330411,0.000000,-0.113498,0.960902,-0.252558,0.000000,0.311279,0.275793,0.909420,0.000000,4.833446,0.656357,0.045907,1.000000;;
           }

           Frame Bip01-R-Finger21 {
            

            FrameTransformMatrix {
             0.906661,-0.000000,0.421860,0.000000,0.000000,1.000000,0.000000,0.000000,-0.421860,-0.000000,0.906661,0.000000,1.576965,0.000000,0.000003,1.000000;;
            }

            Frame Bip01-R-Finger22 {
             

             FrameTransformMatrix {
              0.567102,0.000000,0.823648,0.000000,-0.000000,1.000000,-0.000000,0.000000,-0.823648,-0.000000,0.567102,0.000000,1.964792,0.000000,-0.000000,1.000000;;
             }
            }
           }
          }

          Frame Bip01-R-Finger3 {
           

           FrameTransformMatrix {
            0.956563,-0.252263,-0.146120,0.000000,0.208250,0.942039,-0.263050,0.000000,0.204008,0.221195,0.953653,0.000000,5.074289,-0.522884,0.255795,1.000000;;
           }

           Frame Bip01-R-Finger31 {
            

            FrameTransformMatrix {
             0.830659,0.000000,0.556782,0.000000,-0.000000,1.000000,0.000000,0.000000,-0.556782,0.000000,0.830659,0.000000,1.667152,0.000004,0.000003,1.000000;;
            }

            Frame Bip01-R-Finger32 {
             

             FrameTransformMatrix {
              0.478708,0.000000,0.877974,0.000000,-0.000000,1.000000,-0.000000,0.000000,-0.877974,-0.000000,0.478708,0.000000,1.963659,-0.000008,-0.000000,1.000000;;
             }
            }
           }
          }

          Frame Bip01-R-Finger4 {
           

           FrameTransformMatrix {
            0.714132,-0.427965,0.553952,0.000000,0.569299,0.815545,-0.103855,0.000000,-0.407326,0.389530,0.826046,0.000000,5.328960,-1.684683,0.208190,1.000000;;
           }

           Frame Bip01-R-Finger41 {
            

            FrameTransformMatrix {
             0.800117,-0.000000,0.599845,0.000000,-0.000000,1.000000,0.000000,0.000000,-0.599845,-0.000000,0.800116,0.000000,1.683431,0.000000,-0.000002,1.000000;;
            }

            Frame Bip01-R-Finger42 {
             

             FrameTransformMatrix {
              0.535514,-0.000000,0.844526,0.000000,-0.000000,1.000000,0.000000,0.000000,-0.844526,0.000000,0.535514,0.000000,1.939199,-0.000008,0.000000,1.000000;;
             }
            }
           }
          }
         }
        }
       }
      }

      Frame Bone03 {
       

       FrameTransformMatrix {
        -0.904767,-0.022133,-0.425332,0.000000,0.424877,0.022518,-0.904971,0.000000,0.029607,-0.999502,-0.010969,0.000000,0.439770,1.716215,-5.166889,1.000000;;
       }

       Frame Bone01 {
        

        FrameTransformMatrix {
         0.602422,0.789266,-0.118944,0.000000,-0.785134,0.612791,0.089734,0.000000,0.143712,0.039329,0.988838,0.000000,4.430410,0.000000,0.000003,1.000000;;
        }

        Frame Bone04 {
         

         FrameTransformMatrix {
          0.959303,-0.244349,0.141533,0.000000,0.250177,0.967885,-0.024689,0.000000,-0.130955,0.059093,0.989626,0.000000,4.425686,-0.000002,0.000003,1.000000;;
         }

         Frame Bone05 {
          

          FrameTransformMatrix {
           0.688949,-0.570721,0.446797,0.000000,0.641949,0.766675,-0.010545,0.000000,-0.336530,0.294085,0.894574,0.000000,4.906790,-0.000008,0.000001,1.000000;;
          }

          Frame Bone06 {
           

           FrameTransformMatrix {
            0.814895,-0.528316,0.238386,0.000000,0.547963,0.836268,-0.019793,0.000000,-0.188898,0.146756,0.970969,0.000000,5.433051,0.000000,0.000001,1.000000;;
           }
          }
         }
        }
       }
      }

      Frame Bone08 {
       

       FrameTransformMatrix {
        -0.925718,-0.293039,0.239112,0.000000,-0.132664,-0.340461,-0.930853,0.000000,0.354185,-0.893429,0.276295,0.000000,0.599546,-0.024665,-5.924766,1.000000;;
       }

       Frame Bone02 {
        

        FrameTransformMatrix {
         0.965609,0.250195,0.070729,0.000000,-0.244268,0.966161,-0.082866,0.000000,-0.089068,0.062739,0.994048,0.000000,3.923382,-0.000003,-0.000001,1.000000;;
        }

        Frame Bone09 {
         

         FrameTransformMatrix {
          0.503865,0.837681,0.210740,0.000000,-0.863746,0.486347,0.131950,0.000000,0.008039,-0.248510,0.968596,0.000000,3.769466,-0.000002,-0.000000,1.000000;;
         }

         Frame Bone10 {
          

          FrameTransformMatrix {
           0.856399,0.509995,0.080534,0.000000,-0.509535,0.860003,-0.027718,0.000000,-0.083396,-0.017297,0.996366,0.000000,4.795503,0.000004,-0.000000,1.000000;;
          }
         }
        }
       }
      }

      Frame Bone03_mirrored_ {
       

       FrameTransformMatrix {
        -0.728369,-0.679365,-0.089113,0.000000,0.106989,0.015695,-0.994137,0.000000,0.676780,-0.733633,0.061253,0.000000,0.439770,-1.716009,-5.166885,1.000000;;
       }

       Frame Bone01_mirrored_ {
        

        FrameTransformMatrix {
         0.917456,0.269961,0.292225,0.000000,-0.308110,0.946830,0.092638,0.000000,-0.251678,-0.175028,0.951853,0.000000,4.430406,-0.000010,0.000002,1.000000;;
        }

        Frame Bone04_mirrored_ {
         

         FrameTransformMatrix {
          0.810038,0.249198,0.530791,0.000000,-0.420736,0.877515,0.230104,0.000000,-0.408435,-0.409716,0.815668,0.000000,4.425684,0.000008,-0.000002,1.000000;;
         }

         Frame Bone05_mirrored_ {
          

          FrameTransformMatrix {
           0.775343,0.627260,0.073403,0.000000,-0.631443,0.767922,0.107590,0.000000,0.011120,-0.129769,0.991482,0.000000,4.906789,-0.000002,-0.000005,1.000000;;
          }

          Frame Bone06_mirrored_ {
           

           FrameTransformMatrix {
            0.684183,-0.658601,0.313270,0.000000,0.647013,0.746349,0.156005,0.000000,-0.336554,0.095954,0.936763,0.000000,5.433052,0.000004,-0.000003,1.000000;;
           }
          }
         }
        }
       }
      }

      Frame Dummy01 {
       

       FrameTransformMatrix {
        -0.461728,-0.003936,0.887013,0.000000,0.313560,-0.936151,0.159067,0.000000,0.829751,0.351578,0.433481,0.000000,10.262058,2.314661,-0.886750,1.000000;;
       }

       Frame Bone17_mirrored_ {
        

        FrameTransformMatrix {
         0.913658,-0.051187,-0.403248,0.000000,0.346452,-0.420805,0.838388,0.000000,-0.212603,-0.905706,-0.366738,0.000000,2.578646,-4.077642,-0.666937,1.000000;;
        }

        Frame Bone19 {
         

         FrameTransformMatrix {
          0.995214,-0.058073,-0.078588,0.000000,0.067501,0.990087,0.123175,0.000000,0.070655,-0.127890,0.989268,0.000000,1.936337,0.000004,0.000001,1.000000;;
         }

         Frame Bone20 {
          

          FrameTransformMatrix {
           0.983355,-0.114063,-0.141427,0.000000,0.131068,0.984398,0.117398,0.000000,0.125830,-0.133980,0.982963,0.000000,1.303200,0.000003,0.000002,1.000000;;
          }

          Frame Bone21 {
           

           FrameTransformMatrix {
            0.988774,-0.145801,-0.032688,0.000000,0.148225,0.984721,0.091395,0.000000,0.018863,-0.095214,0.995278,0.000000,1.478882,-0.000004,0.000005,1.000000;;
           }

           Frame Bone22 {
            

            FrameTransformMatrix {
             0.977154,-0.202644,0.064068,0.000000,0.203262,0.979119,-0.003212,0.000000,-0.062080,0.016161,0.997940,0.000000,1.102036,0.000003,0.000002,1.000000;;
            }

            Frame Bone23 {
             

             FrameTransformMatrix {
              0.984385,-0.173374,0.030454,0.000000,0.172773,0.984729,0.021399,0.000000,-0.033699,-0.015804,0.999307,0.000000,1.581722,-0.000001,-0.000001,1.000000;;
             }
            }
           }
          }
         }
        }
       }

       Frame Bone17_mirrored__mirrored_ {
        

        FrameTransformMatrix {
         0.953918,0.192720,-0.229999,0.000000,-0.270467,0.884175,-0.380896,0.000000,0.129953,0.425552,0.895555,0.000000,2.592752,3.580871,-1.045778,1.000000;;
        }

        Frame Bone19_mirrored_ {
         

         FrameTransformMatrix {
          0.967419,-0.216871,-0.130640,0.000000,0.224347,0.973454,0.045345,0.000000,0.117338,-0.073177,0.990392,0.000000,1.936340,0.000008,0.000000,1.000000;;
         }

         Frame Bone20_mirrored_ {
          

          FrameTransformMatrix {
           0.963203,-0.244135,-0.112416,0.000000,0.250107,0.967294,0.042286,0.000000,0.098416,-0.068846,0.992761,0.000000,1.303207,0.000000,0.000006,1.000000;;
          }

          Frame Bone21_mirrored_ {
           

           FrameTransformMatrix {
            0.975408,-0.199283,-0.094155,0.000000,0.201618,0.979336,0.015869,0.000000,0.089047,-0.034462,0.995431,0.000000,1.478882,0.000007,-0.000008,1.000000;;
           }

           Frame Bone22_mirrored_ {
            

            FrameTransformMatrix {
             0.976987,-0.163828,-0.136591,0.000000,0.169493,0.985049,0.030849,0.000000,0.129495,-0.053290,0.990147,0.000000,1.102041,0.000000,0.000001,1.000000;;
            }

            Frame Bone23_mirrored_ {
             

             FrameTransformMatrix {
              0.961845,-0.221318,-0.160849,0.000000,0.229809,0.972569,0.036018,0.000000,0.148466,-0.071609,0.986322,0.000000,1.581715,-0.000010,0.000003,1.000000;;
             }
            }
           }
          }
         }
        }
       }

       Frame Dummy02 {
        

        FrameTransformMatrix {
         0.535367,-0.048797,-0.843209,0.000000,0.831974,-0.141639,0.536431,0.000000,-0.145607,-0.988715,-0.035231,0.000000,10.900082,-1.701019,-6.049267,1.000000;;
        }

        Frame Bone17 {
         

         FrameTransformMatrix {
          1.000000,0.000000,-0.000000,0.000000,0.000000,1.000000,0.000000,0.000000,0.000000,-0.000000,1.000000,0.000000,-2.007715,-0.107975,0.010919,1.000000;;
         }
        }
       }
      }
     }
    }
   }

   Frame Bip01-Tail {
    

    FrameTransformMatrix {
     -0.990540,0.112417,-0.078703,0.000000,0.113493,0.993495,-0.009326,0.000000,0.077142,-0.018170,-0.996855,0.000000,-1.300091,0.000041,0.514780,1.000000;;
    }
   }
  }
 }
}

Frame Ghost_skel {
 

 FrameTransformMatrix {
  1.000000,0.000000,0.000000,0.000000,0.000000,1.000000,0.000000,0.000000,0.000000,0.000000,1.000000,0.000000,0.000000,0.000000,0.000000,1.000000;;
 }

 Mesh Ghost_skel {
  2843;
  -1.330869;12.064916;2.521242;,
  -1.968305;12.637650;0.872226;,
  -1.968305;12.637650;0.872226;,
  5.441662;30.674819;0.592960;,
  5.129780;30.135072;0.261282;,
  5.130463;30.507459;0.558395;,
  5.452904;30.497338;0.634139;,
  5.450396;30.474365;0.757163;,
  5.129780;30.135072;0.261282;,
  5.454211;30.718496;0.820164;,
  5.100819;30.248832;0.654292;,
  4.987168;30.411776;0.797972;,
  5.130463;30.507459;0.558395;,
  5.441662;30.674819;0.592960;,
  5.341042;31.040429;0.795205;,
  4.872517;30.523293;0.591508;,
  4.947476;30.954262;0.777466;,
  4.947476;30.954262;0.777466;,
  5.257363;30.992429;1.035098;,
  5.341042;31.040429;0.795205;,
  4.723194;30.865728;0.868439;,
  4.763916;30.583958;0.982419;,
  5.244614;30.769840;0.884678;,
  4.872517;30.523293;0.591508;,
  5.412262;30.814698;0.796754;,
  5.527650;30.340739;0.289660;,
  5.347401;29.964794;0.166673;,
  5.348874;30.179021;0.281456;,
  5.545304;30.173984;0.222560;,
  5.486188;30.167792;0.343425;,
  5.525572;30.299325;0.424895;,
  5.339779;29.906310;0.376690;,
  5.291539;30.074880;0.437397;,
  5.348874;30.179021;0.281456;,
  5.527650;30.340739;0.289660;,
  5.443215;29.858563;0.000001;,
  5.629845;29.956304;0.131546;,
  5.451039;29.811440;0.160922;,
  5.613766;30.066374;0.080735;,
  5.443890;30.042454;0.077643;,
  5.646636;29.910742;0.038140;,
  5.653775;30.063254;0.185227;,
  5.392292;29.978598;0.199169;,
  5.443890;30.042454;0.077643;,
  5.613766;30.066374;0.080735;,
  7.451288;32.767309;1.524847;,
  7.303234;32.295811;0.865345;,
  7.667481;32.201050;0.866859;,
  7.646410;32.931450;1.500251;,
  6.940354;32.748378;1.764650;,
  7.163353;32.714832;1.416213;,
  6.579605;32.464179;1.786293;,
  7.625850;32.185002;0.566830;,
  7.980622;32.308128;0.419169;,
  8.263686;33.027651;0.528244;,
  8.398533;33.011658;-0.000000;,
  8.067665;32.172774;0.000001;,
  7.879810;31.838736;-0.000000;,
  7.521583;32.067754;0.417387;,
  7.312248;32.200579;0.608203;,
  7.265913;32.068048;0.477087;,
  7.456921;31.684509;0.431621;,
  7.683931;31.458349;0.295586;,
  7.860939;31.539875;0.000001;,
  7.527355;31.503568;0.137148;,
  7.613869;31.545571;0.000000;,
  7.353752;31.317130;0.000001;,
  7.395340;31.103510;0.315270;,
  7.539280;31.172986;-0.000005;,
  7.441818;30.957824;0.429584;,
  7.125550;30.824694;0.532699;,
  6.986854;31.162173;0.843329;,
  6.885456;30.959485;0.785330;,
  7.236933;31.263024;0.618052;,
  6.997414;31.953606;0.647276;,
  7.050728;32.218339;0.636471;,
  7.213177;30.813283;0.165448;,
  6.902443;30.391674;0.217086;,
  6.874119;30.500419;0.488080;,
  6.598965;30.467594;0.681772;,
  6.450527;31.129069;0.922561;,
  6.583389;31.365530;1.126760;,
  7.231495;30.803149;-0.000001;,
  6.958378;30.360736;0.000000;,
  6.097218;31.148589;0.796697;,
  5.499252;31.425494;1.249662;,
  6.365520;31.620112;1.463918;,
  6.554855;31.872048;1.428174;,
  5.881620;31.826720;1.615021;,
  4.259462;33.147693;1.911751;,
  4.973457;34.351402;2.014620;,
  6.792270;31.655699;1.110460;,
  6.811651;32.041280;1.144468;,
  6.791849;32.403293;1.456197;,
  6.846720;32.267827;1.111818;,
  3.336161;3.959077;-13.060870;,
  3.393044;2.113582;-12.456234;,
  3.161822;3.167272;-13.291674;,
  3.538554;2.468388;-12.336520;,
  3.562487;0.560598;-10.563594;,
  3.023915;2.284300;-12.419276;,
  2.514472;3.493538;-13.200641;,
  3.104949;3.466338;-13.588938;,
  2.999959;3.882911;-13.731189;,
  2.880516;5.611037;-13.708326;,
  2.830443;4.688619;-14.307659;,
  2.799019;5.044496;-14.756632;,
  2.005064;5.126926;-14.082038;,
  2.627852;5.535199;-14.844606;,
  2.344113;7.270142;-14.346646;,
  1.187079;6.651274;-14.396518;,
  2.293326;6.428578;-15.197101;,
  2.136279;7.018834;-15.744456;,
  2.510043;7.423561;-15.095731;,
  1.702337;8.089961;-15.909166;,
  2.537139;8.204755;-15.407611;,
  1.362510;9.037359;-15.894309;,
  1.508960;6.877872;-15.492944;,
  3.840212;6.414423;-14.392866;,
  3.442584;7.168498;-14.805747;,
  3.492936;5.756120;-13.713635;,
  4.119816;5.945724;-14.361747;,
  4.173199;6.458468;-13.299779;,
  4.311535;5.538057;-13.897648;,
  3.465583;7.708311;-14.075269;,
  3.106674;7.572237;-15.293528;,
  4.945922;4.933326;-12.522370;,
  4.766308;4.313402;-13.221809;,
  4.436104;4.979126;-13.238458;,
  5.395592;2.083401;-10.184258;,
  4.713810;3.291747;-11.734078;,
  5.258150;3.240755;-11.904661;,
  5.326517;3.633264;-11.592754;,
  4.913134;4.015918;-12.736110;,
  4.048706;4.307514;-12.808278;,
  5.298556;29.228150;-0.000001;,
  4.120915;29.757757;0.429458;,
  4.063191;29.713584;0.000000;,
  5.411057;29.665043;0.000001;,
  5.275879;29.279056;0.276205;,
  3.807793;30.803584;1.146075;,
  3.323555;31.116925;0.000000;,
  4.554604;30.819610;1.185945;,
  5.330298;29.806102;0.511240;,
  3.925737;32.091520;1.529572;,
  4.921842;31.626694;1.412533;,
  5.133316;30.953107;1.123864;,
  5.490025;29.931328;0.483876;,
  5.146937;31.057037;0.965132;,
  5.482056;30.105728;0.243644;,
  5.592980;29.961104;0.000000;,
  5.650788;29.726214;0.000000;,
  0.645486;4.308918;-14.420083;,
  0.678428;2.777939;-14.493816;,
  0.630557;3.607071;-14.930587;,
  0.879157;2.757243;-13.612642;,
  0.848866;2.335882;-14.482734;,
  -0.032117;4.010654;-14.905110;,
  0.552865;4.032650;-15.354016;,
  0.156163;2.470321;-13.929386;,
  0.860039;1.953161;-14.122451;,
  1.025729;1.038638;-13.192714;,
  0.970370;1.307054;-12.804761;,
  0.784213;0.444856;-11.659322;,
  0.654357;1.136761;-12.931938;,
  0.352813;4.654085;-15.425051;,
  0.970370;1.307054;-12.804761;,
  0.879157;2.757243;-13.612642;,
  0.645486;4.308918;-14.420083;,
  0.581887;6.722331;-14.530941;,
  1.010928;4.465701;-14.459510;,
  1.308375;4.605971;-14.038048;,
  0.235295;6.016082;-14.784938;,
  -0.741021;5.665240;-15.364451;,
  -0.032123;4.010660;-14.905118;,
  1.700739;4.923940;-14.025259;,
  1.187079;6.651274;-14.396518;,
  2.252806;5.555896;-13.595810;,
  1.613395;7.359476;-14.131392;,
  0.608236;8.478218;-14.468491;,
  -0.722585;8.110150;-14.771928;,
  -0.957240;7.960510;-15.990808;,
  -0.160947;7.193293;-16.317019;,
  -0.241723;8.199942;-16.314027;,
  0.604930;8.691724;-16.250062;,
  -0.483407;9.383612;-16.207989;,
  0.267345;9.729958;-16.248205;,
  -0.985626;11.230041;-15.766907;,
  -1.347898;10.833926;-15.384278;,
  -1.083476;9.175286;-16.011259;,
  -0.882427;11.165506;-14.688827;,
  -0.856099;9.459781;-14.527235;,
  -2.242976;13.673208;-15.308354;,
  -0.261123;11.644545;-15.754496;,
  0.491816;11.932173;-15.418488;,
  1.029174;10.092826;-15.838179;,
  0.102466;9.591754;-14.378499;,
  -0.746517;14.832704;-14.925422;,
  -1.612138;14.466749;-15.590514;,
  2.172149;9.071991;-15.469275;,
  2.284557;9.815300;-15.033904;,
  0.538840;11.894430;-14.707670;,
  -0.945138;14.129896;-14.111989;,
  -2.486287;18.153646;-13.858520;,
  -2.538471;18.766162;-14.357962;,
  -3.725130;18.648085;-15.154357;,
  3.192291;8.088998;-14.249546;,
  3.605875;8.844234;-13.720597;,
  3.405086;8.106739;-13.877054;,
  4.759964;8.294440;-12.783150;,
  4.808310;7.513475;-12.946198;,
  3.439168;9.312675;-13.494059;,
  2.119392;10.469394;-14.064666;,
  0.259509;11.693979;-14.170974;,
  1.610567;10.005734;-13.412057;,
  4.655466;8.425459;-12.292583;,
  5.288799;8.238851;-12.463521;,
  3.105022;8.926838;-12.868943;,
  1.152008;9.849212;-13.609894;,
  5.635004;6.717718;-11.202661;,
  6.063558;6.784671;-11.451902;,
  4.322065;8.064565;-12.063964;,
  2.539258;8.285280;-13.205012;,
  4.312522;7.616600;-12.488671;,
  4.808310;7.513475;-12.946198;,
  3.405086;8.106739;-13.877054;,
  5.771521;6.339768;-11.712430;,
  6.353766;5.609963;-10.787627;,
  5.771521;6.339768;-11.712430;,
  1.700739;4.923940;-14.025259;,
  1.690390;4.147225;-14.493594;,
  1.649725;4.471999;-14.907302;,
  0.888446;7.724046;-16.177542;,
  1.119846;6.442140;-16.150528;,
  1.215999;5.910726;-15.619165;,
  1.414862;5.061020;-14.993725;,
  1.010928;4.465701;-14.459510;,
  0.235295;6.016082;-14.784938;,
  0.468366;6.204169;-15.867602;,
  0.036956;5.993847;-16.351875;,
  0.175506;5.393927;-15.870560;,
  -3.531762;17.411622;-14.027918;,
  -0.945138;14.129896;-14.111989;,
  -2.486287;18.153646;-13.858520;,
  -1.758563;13.265451;-14.363520;,
  0.259509;11.693979;-14.170974;,
  -0.506013;11.263010;-14.312642;,
  -4.429251;18.028586;-14.864155;,
  1.152008;9.849212;-13.609894;,
  1.958162;8.482096;-14.175458;,
  2.539258;8.285280;-13.205012;,
  3.405086;8.106739;-13.877054;,
  3.192291;8.088998;-14.249546;,
  3.465583;7.708311;-14.075269;,
  2.652791;7.674326;-13.926522;,
  4.173199;6.458468;-13.299779;,
  3.490063;6.367816;-13.313161;,
  4.261116;4.754915;-12.369399;,
  4.048706;4.307514;-12.808278;,
  4.713810;3.291747;-11.734078;,
  3.492936;5.756120;-13.713635;,
  2.344113;7.270142;-14.346646;,
  4.813461;3.564578;-11.221350;,
  5.395592;2.083401;-10.184258;,
  5.326517;3.633264;-11.592754;,
  4.945922;4.933326;-12.522370;,
  3.336161;3.959077;-13.060870;,
  2.880516;5.611037;-13.708326;,
  2.005064;5.126926;-14.082038;,
  2.514472;3.493538;-13.200641;,
  2.704630;4.023719;-12.980226;,
  3.023915;2.284300;-12.419276;,
  3.030753;2.595977;-12.066882;,
  3.562487;0.560598;-10.563594;,
  3.538554;2.468388;-12.336520;,
  0.645486;4.308918;-14.420083;,
  -0.032123;4.010660;-14.905118;,
  -0.032117;4.010654;-14.905110;,
  0.352813;4.654085;-15.425051;,
  1.700738;4.923940;14.025259;,
  1.649724;4.471999;14.907299;,
  1.690389;4.147225;14.493594;,
  2.537137;8.204755;15.407611;,
  1.362508;9.037359;15.894310;,
  1.702335;8.089961;15.909166;,
  0.888444;7.724046;16.177544;,
  1.508958;6.877871;15.492944;,
  1.119844;6.442140;16.150528;,
  1.187078;6.651274;14.396520;,
  1.215997;5.910728;15.619163;,
  1.414861;5.061020;14.993723;,
  1.010927;4.465701;14.459509;,
  0.604928;8.691724;16.250066;,
  2.136277;7.018834;15.744458;,
  0.235294;6.016083;14.784938;,
  0.468364;6.204169;15.867603;,
  0.036954;5.993847;16.351875;,
  -0.160949;7.193293;16.317021;,
  -0.241725;8.199942;16.314030;,
  1.029172;10.092825;15.838181;,
  2.172147;9.071991;15.469275;,
  2.284554;9.815300;15.033906;,
  0.267343;9.729958;16.248206;,
  -0.483409;9.383612;16.207989;,
  -0.957242;7.960510;15.990808;,
  -0.741023;5.665241;15.364451;,
  -0.985627;11.230038;15.766907;,
  -0.261124;11.644542;15.754499;,
  0.491815;11.932171;15.418491;,
  0.352811;4.654086;15.425050;,
  0.175504;5.393927;15.870560;,
  -0.032124;4.010661;14.905117;,
  0.645485;4.308919;14.420082;,
  0.235294;6.016083;14.784938;,
  -0.032118;4.010656;14.905107;,
  0.552864;4.032652;15.354014;,
  0.645485;4.308919;14.420082;,
  0.630556;3.607073;14.930586;,
  0.678426;2.777940;14.493814;,
  0.156162;2.470321;13.929384;,
  0.848865;2.335882;14.482733;,
  0.879156;2.757243;13.612640;,
  0.860038;1.953160;14.122450;,
  1.025727;1.038637;13.192713;,
  0.970368;1.307053;12.804758;,
  0.784211;0.444855;11.659321;,
  0.654355;1.136760;12.931935;,
  0.970368;1.307053;12.804758;,
  0.879156;2.757243;13.612640;,
  4.913132;4.015917;12.736110;,
  5.326516;3.633264;11.592753;,
  4.945920;4.933326;12.522369;,
  5.258149;3.240755;11.904660;,
  5.395591;2.083401;10.184258;,
  4.713809;3.291747;11.734078;,
  4.048705;4.307514;12.808276;,
  4.766306;4.313402;13.221806;,
  4.436102;4.979126;13.238455;,
  4.173197;6.458468;13.299777;,
  4.311534;5.538058;13.897646;,
  4.119814;5.945726;14.361747;,
  3.492934;5.756121;13.713634;,
  3.840210;6.414424;14.392866;,
  3.465581;7.708312;14.075269;,
  3.442582;7.168498;14.805749;,
  2.344111;7.270142;14.346646;,
  3.106672;7.572237;15.293530;,
  3.192288;8.088998;14.249546;,
  2.510041;7.423561;15.095731;,
  2.293325;6.428578;15.197102;,
  2.627851;5.535199;14.844610;,
  2.005064;5.126926;14.082040;,
  2.880516;5.611037;13.708330;,
  2.799019;5.044496;14.756634;,
  2.830442;4.688620;14.307661;,
  2.999958;3.882912;13.731190;,
  3.336160;3.959077;13.060870;,
  3.104948;3.466338;13.588939;,
  3.161821;3.167272;13.291673;,
  2.514471;3.493538;13.200641;,
  3.393042;2.113581;12.456232;,
  3.023913;2.284299;12.419274;,
  3.562486;0.560597;10.563593;,
  3.538552;2.468387;12.336518;,
  -0.882428;11.165505;14.688827;,
  0.102464;9.591754;14.378499;,
  -0.856101;9.459780;14.527238;,
  -2.242978;13.673205;15.308355;,
  -1.758564;13.265448;14.363520;,
  -0.506014;11.263008;14.312640;,
  0.259508;11.693977;14.170974;,
  1.152005;9.849213;13.609894;,
  1.958159;8.482096;14.175458;,
  2.539256;8.285282;13.205011;,
  3.405084;8.106741;13.877054;,
  3.192288;8.088998;14.249546;,
  3.465581;7.708312;14.075269;,
  -4.429252;18.028582;14.864157;,
  -3.531764;17.411619;14.027918;,
  -0.945140;14.129891;14.111989;,
  -2.486289;18.153643;13.858518;,
  2.119389;10.469394;14.064666;,
  0.259508;11.693977;14.170974;,
  0.538839;11.894428;14.707672;,
  -0.945140;14.129891;14.111989;,
  -0.746518;14.832701;14.925422;,
  -2.486289;18.153643;13.858518;,
  -2.538472;18.766157;14.357960;,
  -3.725131;18.648082;15.154357;,
  -1.612140;14.466746;15.590514;,
  -1.347899;10.833926;15.384278;,
  -1.083478;9.175286;16.011261;,
  -0.722586;8.110150;14.771926;,
  0.581886;6.722331;14.530942;,
  0.608234;8.478218;14.468491;,
  1.613393;7.359476;14.131392;,
  2.652789;7.674326;13.926520;,
  2.344111;7.270142;14.346646;,
  3.492934;5.756121;13.713634;,
  3.490062;6.367816;13.313159;,
  4.048705;4.307514;12.808276;,
  4.173197;6.458468;13.299777;,
  4.261114;4.754915;12.369397;,
  4.713809;3.291747;11.734078;,
  4.813460;3.564578;11.221350;,
  5.395591;2.083401;10.184258;,
  5.326516;3.633264;11.592753;,
  4.945920;4.933326;12.522369;,
  5.221524;23.738690;0.010158;,
  4.334432;22.156691;0.010158;,
  4.680505;22.883502;-1.272301;,
  3.759327;22.363310;-0.403039;,
  4.011520;23.101718;-1.268909;,
  5.115392;23.791533;-1.638227;,
  4.252618;23.945469;-1.624717;,
  5.133723;24.304066;-2.208179;,
  4.305902;24.633581;-2.278207;,
  4.438960;24.611946;-1.631234;,
  5.228019;24.275854;-1.694352;,
  5.284866;25.100219;-1.175224;,
  4.596919;25.307150;-1.187975;,
  5.396664;25.636232;0.010158;,
  4.733590;25.774826;-0.410325;,
  4.876459;26.281786;0.010158;,
  0.645485;4.308919;14.420082;,
  -0.032118;4.010656;14.905107;,
  -0.032124;4.010661;14.905117;,
  0.352811;4.654086;15.425050;,
  5.771520;6.339768;11.712428;,
  4.808310;7.513476;12.946197;,
  4.312522;7.616601;12.488670;,
  2.539256;8.285282;13.205011;,
  3.405084;8.106741;13.877054;,
  3.439166;9.312678;13.494059;,
  1.610564;10.005734;13.412057;,
  1.152005;9.849213;13.609894;,
  3.105020;8.926840;12.868942;,
  4.322066;8.064566;12.063962;,
  5.635004;6.717718;11.202658;,
  6.353765;5.609964;10.787626;,
  5.288799;8.238853;12.463518;,
  6.063558;6.784672;11.451899;,
  4.655466;8.425460;12.292581;,
  5.771520;6.339768;11.712428;,
  4.808310;7.513476;12.946197;,
  4.759964;8.294442;12.783149;,
  3.405084;8.106741;13.877054;,
  3.605872;8.844234;13.720597;,
  4.876459;26.281786;0.010158;,
  4.733590;25.774826;-0.410325;,
  4.324507;24.295850;0.010158;,
  4.596919;25.307150;-1.187975;,
  4.438960;24.611946;-1.631234;,
  4.305902;24.633581;-2.278207;,
  4.252618;23.945469;-1.624717;,
  4.011520;23.101718;-1.268909;,
  3.759327;22.363310;-0.403039;,
  3.563128;21.792069;0.010158;,
  3.563128;21.792069;0.010158;,
  1.540363;35.109398;2.622024;,
  1.176277;35.215235;3.122699;,
  1.518312;35.391261;3.022953;,
  1.198335;34.933357;2.721776;,
  0.370281;35.945690;2.557566;,
  0.884897;34.940787;2.695277;,
  0.392326;35.663814;2.156625;,
  0.862844;35.222669;3.096205;,
  1.180268;36.032982;1.952204;,
  1.640359;35.623088;2.869251;,
  1.158222;36.314842;2.353144;,
  1.662410;35.341213;2.468318;,
  0.857782;36.338986;2.315881;,
  1.180268;36.032982;1.952204;,
  1.158222;36.314842;2.353144;,
  0.879831;36.057126;1.914942;,
  0.370281;35.945690;2.557566;,
  0.538066;35.896998;2.003611;,
  0.516017;36.178870;2.404544;,
  0.392326;35.663814;2.156625;,
  0.516017;36.178870;2.404544;,
  0.879831;36.057126;1.914942;,
  0.857782;36.338986;2.315881;,
  0.538066;35.896998;2.003611;,
  0.919654;36.422803;2.430760;,
  0.315671;36.433750;2.528441;,
  0.786687;36.672368;2.397603;,
  0.448640;36.184192;2.561601;,
  1.013427;36.129069;2.248072;,
  0.528955;35.765792;2.113301;,
  0.542409;35.890464;2.378906;,
  0.999978;36.004413;1.982464;,
  0.919654;36.422803;2.430760;,
  0.542409;35.890464;2.378906;,
  0.448640;36.184192;2.561601;,
  1.013427;36.129069;2.248072;,
  0.088903;36.179027;1.282013;,
  0.999978;36.004413;1.982464;,
  0.559920;36.417645;1.151166;,
  0.528955;35.765792;2.113301;,
  0.365356;37.063194;1.593178;,
  0.315671;36.433750;2.528441;,
  -0.105655;36.824576;1.724030;,
  0.786687;36.672368;2.397603;,
  -0.128581;36.719632;1.459547;,
  0.365356;37.063194;1.593178;,
  -0.105655;36.824576;1.724030;,
  0.342425;36.958262;1.328693;,
  0.088903;36.179027;1.282013;,
  0.426816;36.678256;1.136976;,
  -0.044194;36.439632;1.267823;,
  0.559920;36.417645;1.151166;,
  0.923324;35.551379;2.025228;,
  0.542409;35.890464;2.378906;,
  0.528955;35.765792;2.113301;,
  0.088903;36.179027;1.282013;,
  0.327500;36.110442;0.898851;,
  -0.044194;36.439632;1.267823;,
