xof 0303txt 0032
template ColorRGBA {
 <35ff44e0-6c7c-11cf-8f52-0040333594a3>
 FLOAT red;
 FLOAT green;
 FLOAT blue;
 FLOAT alpha;
}

template ColorRGB {
 <d3e16e81-7835-11cf-8f52-0040333594a3>
 FLOAT red;
 FLOAT green;
 FLOAT blue;
}

template Material {
 <3d82ab4d-62da-11cf-ab39-0020af71e433>
 ColorRGBA faceColor;
 FLOAT power;
 ColorRGB specularColor;
 ColorRGB emissiveColor;
 [...]
}

template TextureFilename {
 <a42790e1-7810-11cf-8f52-0040333594a3>
 STRING filename;
}

template Frame {
 <3d82ab46-62da-11cf-ab39-0020af71e433>
 [...]
}

template Matrix4x4 {
 <f6f23f45-7686-11cf-8f52-0040333594a3>
 array FLOAT matrix[16];
}

template FrameTransformMatrix {
 <f6f23f41-7686-11cf-8f52-0040333594a3>
 Matrix4x4 frameMatrix;
}

template Vector {
 <3d82ab5e-62da-11cf-ab39-0020af71e433>
 FLOAT x;
 FLOAT y;
 FLOAT z;
}

template MeshFace {
 <3d82ab5f-62da-11cf-ab39-0020af71e433>
 DWORD nFaceVertexIndices;
 array DWORD faceVertexIndices[nFaceVertexIndices];
}

template Mesh {
 <3d82ab44-62da-11cf-ab39-0020af71e433>
 DWORD nVertices;
 array Vector vertices[nVertices];
 DWORD nFaces;
 array MeshFace faces[nFaces];
 [...]
}

template MeshNormals {
 <f6f23f43-7686-11cf-8f52-0040333594a3>
 DWORD nNormals;
 array Vector normals[nNormals];
 DWORD nFaceNormals;
 array MeshFace faceNormals[nFaceNormals];
}

template MeshMaterialList {
 <f6f23f42-7686-11cf-8f52-0040333594a3>
 DWORD nMaterials;
 DWORD nFaceIndexes;
 array DWORD faceIndexes[nFaceIndexes];
 [Material <3d82ab4d-62da-11cf-ab39-0020af71e433>]
}

template Coords2d {
 <f6f23f44-7686-11cf-8f52-0040333594a3>
 FLOAT u;
 FLOAT v;
}

template MeshTextureCoords {
 <f6f23f40-7686-11cf-8f52-0040333594a3>
 DWORD nTextureCoords;
 array Coords2d textureCoords[nTextureCoords];
}

template XSkinMeshHeader {
 <3cf169ce-ff7c-44ab-93c0-f78f62d172e2>
 WORD nMaxSkinWeightsPerVertex;
 WORD nMaxSkinWeightsPerFace;
 WORD nBones;
}

template SkinWeights {
 <6f0d123b-bad2-4167-a0d0-80224f25fabb>
 STRING transformNodeName;
 DWORD nWeights;
 array DWORD vertexIndices[nWeights];
 array FLOAT weights[nWeights];
 Matrix4x4 matrixOffset;
}

template AnimTicksPerSecond {
 <9e415a43-7ba6-4a73-8743-b73d47e88476>
 DWORD AnimTicksPerSecond;
}

template Animation {
 <3d82ab4f-62da-11cf-ab39-0020af71e433>
 [...]
}

template AnimationSet {
 <3d82ab50-62da-11cf-ab39-0020af71e433>
 [Animation <3d82ab4f-62da-11cf-ab39-0020af71e433>]
}

template FloatKeys {
 <10dd46a9-775b-11cf-8f52-0040333594a3>
 DWORD nValues;
 array FLOAT values[nValues];
}

template TimedFloatKeys {
 <f406b180-7b3b-11cf-8f52-0040333594a3>
 DWORD time;
 FloatKeys tfkeys;
}

template AnimationKey {
 <10dd46a8-775b-11cf-8f52-0040333594a3>
 DWORD keyType;
 DWORD nKeys;
 array TimedFloatKeys keys[nKeys];
}


Material Summoned_Healer_MI {
 1.000000;1.000000;1.000000;1.000000;;
 10.000000;
 0.000000;0.000000;0.000000;;
 0.000000;0.000000;0.000000;;

 TextureFilename {
  "Summoned_Healer_diff.tga";
 }
}

Material Summoned_Healer01_MI {
 1.000000;1.000000;1.000000;1.000000;;
 10.000000;
 0.000000;0.000000;0.000000;;
 0.000000;0.000000;0.000000;;

 TextureFilename {
  "Summoned_Healer01_diff.tga";
 }
}

Frame Dummy_root {
 

 FrameTransformMatrix {
  1.000000,0.000000,0.000000,0.000000,0.000000,1.000000,0.000000,0.000000,0.000000,-0.000000,1.000000,0.000000,0.000000,0.000000,0.000000,1.000000;;
 }

 Frame Bip01 {
  

  FrameTransformMatrix {
   0.657413,-0.306557,-0.688354,0.000000,0.422618,0.906308,0.000000,0.000000,0.623860,-0.290911,0.725375,0.000000,6.011000,30.368752,-0.000002,1.000000;;
  }

  Frame Bip01-Pelvis {
   

   FrameTransformMatrix {
    0.000000,1.000000,-0.000002,0.000000,-0.000001,0.000002,1.000000,0.000000,1.000000,-0.000000,0.000001,0.000000,0.000000,0.000000,0.000000,1.000000;;
   }

   Frame Bip01-Spine {
    

    FrameTransformMatrix {
     0.998183,0.000002,-0.060254,0.000000,-0.000001,1.000000,0.000004,0.000000,0.060254,-0.000004,0.998183,0.000000,1.854858,0.000004,0.219083,1.000000;;
    }

    Frame Bip01-Spine1 {
     

     FrameTransformMatrix {
      0.953396,-0.173871,-0.246586,0.000000,0.232492,0.944253,0.233096,0.000000,0.192311,-0.279562,0.940671,0.000000,1.437782,0.000749,-0.002514,1.000000;;
     }

     Frame Bip01-Neck {
      

      FrameTransformMatrix {
       0.848048,0.000001,0.529919,0.000000,-0.000001,1.000000,-0.000001,0.000000,-0.529919,-0.000000,0.848048,0.000000,3.359200,0.000001,-0.000493,1.000000;;
      }

      Frame Bip01-Head {
       

       FrameTransformMatrix {
        0.814526,0.245413,-0.525662,0.000000,-0.551645,0.608088,-0.570892,0.000000,0.179544,0.754985,0.630683,0.000000,0.729824,0.000000,0.000002,1.000000;;
       }

       Frame Bone12 {
        

        FrameTransformMatrix {
         -0.384452,-0.883236,-0.268497,0.000000,0.009615,-0.294666,0.955552,0.000000,-0.923095,0.364782,0.121777,0.000000,6.260822,-0.830292,-0.215825,1.000000;;
        }
       }

       Frame Bone01 {
        

        FrameTransformMatrix {
         0.235969,-0.499602,-0.833496,0.000000,0.652542,-0.554105,0.516872,0.000000,-0.720075,-0.665857,0.195260,0.000000,5.857735,-2.049316,-0.413046,1.000000;;
        }

        Frame Bone02 {
         

         FrameTransformMatrix {
          0.629650,0.429485,-0.647366,0.000000,-0.356992,0.900057,0.249907,0.000000,0.689998,0.073751,0.720044,0.000000,5.098860,0.000000,0.000046,1.000000;;
         }
        }
       }

       Frame Bone01_mirrored_ {
        

        FrameTransformMatrix {
         0.235968,0.499600,-0.833498,0.000000,0.652542,0.554106,0.516871,0.000000,0.720075,-0.665857,-0.195258,0.000000,5.857731,2.037538,-0.413046,1.000000;;
        }

        Frame Bone02_mirrored_ {
         

         FrameTransformMatrix {
          0.629650,0.429486,0.647366,0.000000,-0.356993,0.900057,-0.249907,0.000000,-0.689998,-0.073751,0.720044,0.000000,5.098857,0.000002,-0.000050,1.000000;;
         }
        }
       }

       Frame Bone12_mirrored_ {
        

        FrameTransformMatrix {
         -0.384452,0.883235,-0.268499,0.000000,0.009615,0.294668,0.955551,0.000000,0.923095,0.364782,-0.121778,0.000000,6.361980,0.750543,-0.237328,1.000000;;
        }
       }
      }

      Frame Bip01-L-Clavicle {
       

       FrameTransformMatrix {
        -0.308118,0.814113,-0.492224,0.000000,0.847627,-0.000002,-0.530592,0.000000,-0.431963,-0.580707,-0.690064,0.000000,-0.551811,0.521723,-0.060555,1.000000;;
       }

       Frame Bip01-L-UpperArm {
        

        FrameTransformMatrix {
         0.480629,-0.861192,0.165360,0.000000,0.876788,0.475263,-0.073275,0.000000,-0.015486,0.180204,0.983508,0.000000,1.139626,0.000000,0.000000,1.000000;;
        }

        Frame Bip01-L-Forearm {
         

         FrameTransformMatrix {
          -0.649325,0.000000,-0.760511,0.000000,0.000000,1.000000,-0.000000,0.000000,0.760511,0.000000,-0.649325,0.000000,3.063501,0.000002,-0.000001,1.000000;;
         }

         Frame Bip01-L-Hand {
          

          FrameTransformMatrix {
           0.590596,-0.180125,-0.786608,0.000000,0.573640,-0.591878,0.566230,0.000000,-0.567569,-0.785643,-0.246234,0.000000,3.855892,0.000002,-0.000002,1.000000;;
          }

          Frame Bip01-L-Finger0 {
           

           FrameTransformMatrix {
            0.832825,-0.523667,0.179375,0.000000,0.375687,0.296753,-0.877950,0.000000,0.406523,0.798568,0.443878,0.000000,0.436161,-0.727753,-0.039528,1.000000;;
           }

           Frame Bip01-L-Finger01 {
            

            FrameTransformMatrix {
             0.856204,-0.000000,0.516639,0.000000,0.000000,1.000000,0.000000,0.000000,-0.516639,-0.000000,0.856204,0.000000,0.814650,0.000000,-0.000000,1.000000;;
            }

            Frame Bip01-L-Finger02 {
             

             FrameTransformMatrix {
              0.374607,0.000000,0.927184,0.000000,0.000000,1.000000,-0.000000,0.000000,-0.927184,0.000000,0.374607,0.000000,0.442396,0.000000,-0.000004,1.000000;;
             }
            }
           }
          }

          Frame Bip01-L-Finger1 {
           

           FrameTransformMatrix {
            0.973389,-0.150409,0.172888,0.000000,0.135220,0.986098,0.096573,0.000000,-0.185010,-0.070625,0.980195,0.000000,1.634062,-0.518827,-0.162525,1.000000;;
           }

           Frame Bip01-L-Finger11 {
            

            FrameTransformMatrix {
             0.930418,-0.000000,0.366501,0.000000,0.000000,1.000000,0.000000,0.000000,-0.366501,0.000000,0.930418,0.000000,0.426794,0.000001,0.000000,1.000000;;
            }

            Frame Bip01-L-Finger12 {
             

             FrameTransformMatrix {
              0.927184,-0.000000,0.374607,0.000000,0.000000,1.000000,0.000000,0.000000,-0.374607,0.000000,0.927184,0.000000,0.408777,-0.000002,0.000000,1.000000;;
             }
            }
           }
          }

          Frame Bip01-L-Finger2 {
           

           FrameTransformMatrix {
            0.790239,-0.000023,0.612798,0.000000,-0.011111,0.999835,0.014366,0.000000,-0.612698,-0.018162,0.790109,0.000000,1.709272,-0.061697,-0.077888,1.000000;;
           }

           Frame Bip01-L-Finger21 {
            

            FrameTransformMatrix {
             0.601815,0.000000,0.798636,0.000000,-0.000000,1.000000,0.000000,0.000000,-0.798635,-0.000000,0.601815,0.000000,0.447672,-0.000001,0.000000,1.000000;;
            }

            Frame Bip01-L-Finger22 {
             

             FrameTransformMatrix {
              0.669131,0.000000,0.743145,0.000000,0.000000,1.000000,-0.000000,0.000000,-0.743145,0.000000,0.669131,0.000000,0.397417,-0.000001,0.000004,1.000000;;
             }
            }
           }
          }

          Frame Bip01-L-Finger3 {
           

           FrameTransformMatrix {
            0.607995,-0.034726,0.793181,0.000000,-0.053239,0.995011,0.084372,0.000000,-0.792154,-0.093526,0.603112,0.000000,1.619293,0.453831,-0.012909,1.000000;;
           }

           Frame Bip01-L-Finger31 {
            

            FrameTransformMatrix {
             0.559193,0.000000,0.829038,0.000000,0.000000,1.000000,-0.000000,0.000000,-0.829038,-0.000000,0.559193,0.000000,0.476417,0.000003,0.000008,1.000000;;
            }

            Frame Bip01-L-Finger32 {
             

             FrameTransformMatrix {
              0.662620,0.000000,0.748956,0.000000,-0.000000,1.000000,0.000000,0.000000,-0.748956,0.000000,0.662620,0.000000,0.389994,0.000001,0.000000,1.000000;;
             }
            }
           }
          }

          Frame Bip01-L-Finger4 {
           

           FrameTransformMatrix {
            0.461940,0.190652,0.866177,0.000000,-0.382683,0.923879,0.000736,0.000000,-0.800103,-0.331812,0.499736,0.000000,1.398935,0.772846,0.051956,1.000000;;
           }

           Frame Bip01-L-Finger41 {
            

            FrameTransformMatrix {
             0.275638,-0.000000,0.961262,0.000000,0.000000,1.000000,0.000000,0.000000,-0.961262,0.000000,0.275638,0.000000,0.420757,0.000000,0.000000,1.000000;;
            }

            Frame Bip01-L-Finger42 {
             

             FrameTransformMatrix {
              0.374607,0.000000,0.927184,0.000000,0.000000,1.000000,0.000000,0.000000,-0.927184,-0.000000,0.374607,0.000000,0.286072,0.000002,0.000000,1.000000;;
             }
            }
           }
          }
         }
        }
       }
      }

      Frame Bip01-R-Clavicle {
       

       FrameTransformMatrix {
        -0.168360,-0.948325,-0.268951,0.000000,-0.847625,0.000002,0.530596,0.000000,-0.503176,0.317301,-0.803824,0.000000,-0.551815,-0.521721,-0.060552,1.000000;;
       }

       Frame Bip01-R-UpperArm {
        

        FrameTransformMatrix {
         0.624226,0.777846,0.072786,0.000000,-0.779109,0.612930,0.131553,0.000000,0.057715,-0.138827,0.988633,0.000000,1.139625,0.000000,0.000000,1.000000;;
        }

        Frame Bip01-R-Forearm {
         

         FrameTransformMatrix {
          0.887481,0.000000,-0.460845,0.000000,0.000000,1.000000,0.000000,0.000000,0.460845,-0.000000,0.887481,0.000000,3.063499,0.000004,0.000000,1.000000;;
         }

         Frame Bip01-R-Hand {
          

          FrameTransformMatrix {
           0.681999,-0.273970,0.678099,0.000000,0.731353,0.256219,-0.632039,0.000000,-0.000582,0.926980,0.375110,0.000000,3.855886,-0.000002,-0.000002,1.000000;;
          }

          Frame Bip01-R-Finger0 {
           

           FrameTransformMatrix {
            0.828217,0.278524,0.486293,0.000000,-0.466197,-0.139123,0.873673,0.000000,0.310994,-0.950299,0.014623,0.000000,0.436164,0.727755,-0.039530,1.000000;;
           }

           Frame Bip01-R-Finger01 {
            

            FrameTransformMatrix {
             0.909185,-0.000000,0.416393,0.000000,0.000000,1.000000,-0.000000,0.000000,-0.416392,0.000000,0.909185,0.000000,0.814653,0.000002,-0.000001,1.000000;;
            }

            Frame Bip01-R-Finger02 {
             

             FrameTransformMatrix {
              0.636078,-0.000000,0.771624,0.000000,0.000000,1.000000,0.000000,0.000000,-0.771624,0.000000,0.636078,0.000000,0.442396,0.000001,-0.000002,1.000000;;
             }
            }
           }
          }

          Frame Bip01-R-Finger1 {
           

           FrameTransformMatrix {
            -0.013172,0.095670,0.995326,0.000000,-0.135220,0.986098,-0.096573,0.000000,-0.990728,-0.135860,-0.000052,0.000000,1.634066,0.518828,-0.162527,1.000000;;
           }

           Frame Bip01-R-Finger11 {
            

            FrameTransformMatrix {
             0.430511,0.000000,0.902585,0.000000,0.000000,1.000000,-0.000000,0.000000,-0.902585,-0.000000,0.430511,0.000000,0.426798,0.000000,0.000000,1.000000;;
            }

            Frame Bip01-R-Finger12 {
             

             FrameTransformMatrix {
              0.662620,-0.000000,0.748956,0.000000,-0.000000,1.000000,0.000000,0.000000,-0.748956,0.000000,0.662620,0.000000,0.408777,0.000001,0.000000,1.000000;;
             }
            }
           }
          }

          Frame Bip01-R-Finger2 {
           

           FrameTransformMatrix {
            0.061471,0.118498,0.991050,0.000000,-0.073249,0.990786,-0.113923,0.000000,-0.995417,-0.065591,0.069584,0.000000,1.709277,0.061702,-0.077887,1.000000;;
           }

           Frame Bip01-R-Finger21 {
            

            FrameTransformMatrix {
             0.382683,0.000000,0.923880,0.000000,-0.000000,1.000000,0.000000,0.000000,-0.923880,-0.000000,0.382683,0.000000,0.447668,0.000002,-0.000001,1.000000;;
            }

            Frame Bip01-R-Finger22 {
             

             FrameTransformMatrix {
              0.719340,0.000000,0.694658,0.000000,-0.000000,1.000000,-0.000000,0.000000,-0.694658,0.000000,0.719340,0.000000,0.397421,-0.000002,0.000002,1.000000;;
             }
            }
           }
          }

          Frame Bip01-R-Finger3 {
           

           FrameTransformMatrix {
            0.043592,0.002849,0.999046,0.000000,-0.026161,0.999656,-0.001710,0.000000,-0.998707,-0.026062,0.043652,0.000000,1.619291,-0.453834,-0.012907,1.000000;;
           }

           Frame Bip01-R-Finger31 {
            

            FrameTransformMatrix {
             0.422618,-0.000000,0.906308,0.000000,-0.000000,1.000000,0.000000,0.000000,-0.906308,0.000000,0.422618,0.000000,0.476416,0.000001,0.000002,1.000000;;
            }

            Frame Bip01-R-Finger32 {
             

             FrameTransformMatrix {
              0.694658,-0.000000,0.719340,0.000000,-0.000000,1.000000,0.000000,0.000000,-0.719340,-0.000000,0.694658,0.000000,0.389993,0.000001,-0.000002,1.000000;;
             }
            }
           }
          }

          Frame Bip01-R-Finger4 {
           

           FrameTransformMatrix {
            0.032243,-0.012560,0.999401,0.000000,0.382683,0.923879,-0.000736,0.000000,-0.923317,0.382478,0.034595,0.000000,1.398939,-0.772844,0.051956,1.000000;;
           }

           Frame Bip01-R-Finger41 {
            

            FrameTransformMatrix {
             0.398749,-0.000000,0.917060,0.000000,0.000000,1.000000,0.000000,0.000000,-0.917060,0.000000,0.398749,0.000000,0.420757,0.000002,0.000000,1.000000;;
            }

            Frame Bip01-R-Finger42 {
             

             FrameTransformMatrix {
              0.675590,0.000000,0.737278,0.000000,-0.000000,1.000000,0.000000,0.000000,-0.737277,0.000000,0.675590,0.000000,0.286073,0.000000,0.000000,1.000000;;
             }
            }
           }
          }

          Frame Bip01-Prop1 {
           

           FrameTransformMatrix {
            0.994708,-0.100774,-0.020003,0.000000,0.095394,0.978212,-0.184395,0.000000,0.038149,0.181511,0.982649,0.000000,1.180971,0.152929,0.209162,1.000000;;
           }
          }
         }
        }
       }
      }
     }

     Frame Bone04 {
      

      FrameTransformMatrix {
       0.127412,-0.869627,-0.476986,0.000000,0.093858,-0.468176,0.878637,0.000000,-0.987399,-0.156717,0.021970,0.000000,2.803516,-1.183065,-1.847355,1.000000;;
      }

      Frame Bone05 {
       

       FrameTransformMatrix {
        0.895271,0.392522,-0.210752,0.000000,-0.381813,0.919742,0.091069,0.000000,0.229584,-0.001064,0.973288,0.000000,8.093874,-0.000001,-0.000023,1.000000;;
       }
      }
     }

     Frame Bone07 {
      

      FrameTransformMatrix {
       -0.006086,-0.347346,-0.937717,0.000000,-0.160528,-0.925234,0.343763,0.000000,-0.987013,0.152622,-0.050128,0.000000,1.933994,-1.102205,-1.662802,1.000000;;
      }

      Frame Bone08 {
       

       FrameTransformMatrix {
        0.841286,0.535650,0.072921,0.000000,-0.532872,0.798980,0.278708,0.000000,0.091028,-0.273330,0.957604,0.000000,6.811842,0.000004,-0.000099,1.000000;;
       }
      }
     }

     Frame Bone14 {
      

      FrameTransformMatrix {
       -0.491447,-0.505739,-0.709019,0.000000,0.011328,-0.817759,0.575450,0.000000,-0.870834,0.274771,0.407614,0.000000,1.198505,-1.265091,-1.572440,1.000000;;
      }

      Frame Bone15 {
       

       FrameTransformMatrix {
        0.982485,0.185834,0.013756,0.000000,-0.186304,0.981100,0.052278,0.000000,-0.003781,-0.053925,0.998538,0.000000,6.090004,0.000001,0.000002,1.000000;;
       }

       Frame Bone16 {
        

        FrameTransformMatrix {
         0.968420,0.248191,-0.023756,0.000000,-0.248339,0.968667,-0.003476,0.000000,0.022149,0.009266,0.999712,0.000000,9.592329,-0.000001,-0.000025,1.000000;;
        }
       }
      }
     }

     Frame Bone04_mirrored_ {
      

      FrameTransformMatrix {
       0.275441,0.599652,-0.751365,0.000000,0.076563,0.765432,0.638945,0.000000,0.958264,-0.233519,0.164921,0.000000,2.803513,1.133019,-1.847358,1.000000;;
      }

      Frame Bone05_mirrored_ {
       

       FrameTransformMatrix {
        0.895271,0.392522,0.210752,0.000000,-0.381813,0.919742,-0.091069,0.000000,-0.229584,0.001064,0.973288,0.000000,8.093873,-0.000001,0.000023,1.000000;;
       }
      }
     }

     Frame Bone07_mirrored_ {
      

      FrameTransformMatrix {
       -0.270883,0.054251,-0.961082,0.000000,0.450489,0.889476,-0.076763,0.000000,0.850695,-0.453751,-0.265384,0.000000,1.933998,1.140237,-1.662805,1.000000;;
      }

      Frame Bone08_mirrored_ {
       

       FrameTransformMatrix {
        0.908981,0.415499,0.033366,0.000000,-0.390527,0.876864,-0.280355,0.000000,-0.145744,0.241807,0.959317,0.000000,6.811842,0.000004,0.000107,1.000000;;
       }
      }
     }

     Frame Bone14_mirrored_ {
      

      FrameTransformMatrix {
       -0.561380,0.270207,-0.782202,0.000000,0.000164,0.945230,0.326406,0.000000,0.827558,0.183109,-0.530678,0.000000,1.198513,1.336191,-1.572442,1.000000;;
      }

      Frame Bone15_mirrored_ {
       

       FrameTransformMatrix {
        0.961446,0.273988,-0.023523,0.000000,-0.271833,0.959840,0.069387,0.000000,0.041589,-0.060318,0.997312,0.000000,6.089996,-0.000002,-0.000002,1.000000;;
       }

       Frame Bone16_mirrored_ {
        

        FrameTransformMatrix {
         0.805091,0.590864,-0.052047,0.000000,-0.592998,0.803774,-0.047973,0.000000,0.013488,0.069486,0.997492,0.000000,9.592321,0.000000,0.000027,1.000000;;
        }
       }
      }
     }
    }
   }

   Frame Bip01-L-Thigh {
    

    FrameTransformMatrix {
     -0.987945,-0.130307,0.083579,0.000000,0.108774,-0.968465,-0.224153,0.000000,0.110152,-0.212359,0.970964,0.000000,-0.000004,1.546957,0.000002,1.000000;;
    }

    Frame Bip01-L-Calf {
     

     FrameTransformMatrix {
      0.638663,0.000000,-0.769487,0.000000,-0.000000,1.000000,-0.000000,0.000000,0.769487,0.000000,0.638662,0.000000,6.808199,0.000000,-0.000000,1.000000;;
     }

     Frame Bip01-L-Foot {
      

      FrameTransformMatrix {
       0.833135,0.122720,-0.539283,0.000000,-0.222402,0.967100,-0.123513,0.000000,0.506383,0.222841,0.833017,0.000000,7.459330,0.000001,0.000000,1.000000;;
      }

      Frame Bip01-L-Toe0 {
       

       FrameTransformMatrix {
        0.000000,-0.000000,1.000000,0.000000,0.000000,1.000000,0.000000,0.000000,-1.000000,0.000000,0.000000,0.000000,1.310174,-0.000001,1.464683,1.000000;;
       }
      }
     }

     Frame Bone10_mirrored_ {
      

      FrameTransformMatrix {
       -0.749813,-0.165751,-0.640552,0.000000,0.164884,-0.984381,0.061713,0.000000,-0.640776,-0.059343,0.765431,0.000000,1.689544,-1.760073,-0.842489,1.000000;;
      }
     }
    }
   }

   Frame Bip01-R-Thigh {
    

    FrameTransformMatrix {
     -0.992282,0.101593,0.071096,0.000000,-0.089503,-0.983634,0.156382,0.000000,0.085820,0.148811,0.985135,0.000000,0.000002,-1.546953,-0.000001,1.000000;;
    }

    Frame Bip01-R-Calf {
     

     FrameTransformMatrix {
      0.432346,0.000000,-0.901708,0.000000,0.000000,1.000000,-0.000000,0.000000,0.901708,-0.000000,0.432346,0.000000,6.808199,-0.000001,0.000000,1.000000;;
     }

     Frame Bip01-R-Foot {
      

      FrameTransformMatrix {
       0.886071,0.144292,-0.440520,0.000000,0.007405,0.945792,0.324688,0.000000,0.463490,-0.290958,0.836971,0.000000,7.459334,0.000000,0.000000,1.000000;;
      }

      Frame Bip01-R-Toe0 {
       

       FrameTransformMatrix {
        0.000000,-0.000000,1.000000,0.000000,-0.000000,1.000000,0.000000,0.000000,-1.000000,-0.000000,0.000000,0.000000,1.310173,-0.000000,1.464682,1.000000;;
       }
      }
     }

     Frame Bone10 {
      

      FrameTransformMatrix {
       -0.749617,0.168441,-0.640079,0.000000,0.167115,0.983909,0.063207,0.000000,0.640427,-0.059585,-0.765704,0.000000,1.688697,1.746833,-0.842184,1.000000;;
      }
     }
    }
   }
  }
 }
}

Frame Summoned_Healer_skel {
 

 FrameTransformMatrix {
  1.000000,0.000000,0.000000,0.000000,0.000000,1.000000,0.000000,0.000000,0.000000,0.000000,1.000000,0.000000,0.000000,0.000000,0.000000,1.000000;;
 }

 Mesh Summoned_Healer_skel {
  5035;
  4.485927;30.756893;1.464857;,
  4.582059;30.703478;1.363209;,
  4.810870;31.245376;1.409299;,
  -0.382064;20.550262;4.072559;,
  -0.128498;21.093349;4.004626;,
  -0.466227;20.327277;3.834140;,
  -0.615028;19.619334;4.774822;,
  0.390381;20.534672;3.663962;,
  -0.466227;20.327277;3.834140;,
  -0.299570;20.442310;3.455532;,
  -0.143550;20.359608;3.953898;,
  -0.615028;19.619334;4.774822;,
  -0.382064;20.550262;4.072559;,
  -0.128498;21.093349;4.004626;,
  -0.382064;20.550262;4.072559;,
  1.565846;24.102746;1.368227;,
  1.534484;23.765550;1.732497;,
  1.537454;23.282766;1.341853;,
  1.232274;23.923270;1.619237;,
  1.381359;24.308622;1.685146;,
  0.895075;23.077515;1.543327;,
  1.216143;23.427704;1.979871;,
  1.188473;23.411155;1.636512;,
  0.683876;22.562472;1.874225;,
  1.199772;22.860810;1.427235;,
  1.199772;22.860810;1.427235;,
  1.323762;23.928245;1.945166;,
  1.502990;24.240022;1.970959;,
  1.781659;24.498200;1.849125;,
  1.591615;24.277699;1.492477;,
  1.422931;24.030683;1.728036;,
  1.216143;23.427704;1.979871;,
  1.323762;23.928245;1.945166;,
  1.502990;24.240022;1.970959;,
  4.117704;23.453674;1.643243;,
  3.900814;22.839157;2.265065;,
  4.667708;23.182480;2.552306;,
  4.418893;23.639027;1.449627;,
  5.228065;23.601347;2.120596;,
  4.216919;23.202166;1.525986;,
  4.095878;23.449142;1.240030;,
  4.988260;23.791802;1.828584;,
  5.174141;23.999117;2.879615;,
  5.799393;24.666683;2.346505;,
  5.517964;24.505990;2.820308;,
  6.333845;25.166302;2.665064;,
  5.757709;24.350563;2.597386;,
  5.517964;24.505990;2.820308;,
  5.174141;23.999117;2.879615;,
  4.667708;23.182480;2.552306;,
  3.900814;22.839157;2.265065;,
  3.389658;21.974533;2.072707;,
  2.699522;21.687474;0.875441;,
  3.813248;22.187378;1.794706;,
  3.900814;22.839157;2.265065;,
  3.378956;22.284749;2.341160;,
  2.778948;22.814661;2.847841;,
  2.871091;21.869894;2.321309;,
  2.346685;21.463610;1.227475;,
  2.155969;21.639530;1.500620;,
  1.703968;21.579358;1.265719;,
  1.643354;21.285395;2.439436;,
  1.359776;21.095963;2.164474;,
  1.038793;21.040597;3.302259;,
  0.643014;20.693702;3.347924;,
  1.255996;21.849133;1.502076;,
  1.017768;21.173131;2.202307;,
  0.527214;20.797131;3.068989;,
  1.818861;21.768998;0.627769;,
  4.095878;23.449142;1.240030;,
  4.216919;23.202166;1.525986;,
  3.917964;22.701504;1.242933;,
  2.999790;22.140350;0.718389;,
  2.655635;22.669352;0.221887;,
  1.190685;22.603048;1.173476;,
  3.665789;22.797019;3.047873;,
  3.516904;22.950581;3.610953;,
  3.334784;22.512424;3.083303;,
  3.900814;22.839157;2.265065;,
  2.778948;22.814661;2.847841;,
  2.929765;22.865131;3.179148;,
  3.052276;22.980946;3.436031;,
  3.897695;23.207928;3.575863;,
  3.137625;23.237168;3.520229;,
  3.378956;22.284749;2.341160;,
  2.929765;22.865131;3.179148;,
  3.052276;22.980946;3.436031;,
  3.137625;23.237168;3.520229;,
  3.608206;23.489875;3.808053;,
  4.062508;23.742706;3.797545;,
  3.608206;23.489875;3.808053;,
  2.778948;22.814661;2.847841;,
  1.790125;23.548227;2.339533;,
  1.002048;23.032587;3.212867;,
  1.314073;22.958350;3.090234;,
  0.905763;21.778654;3.688876;,
  0.470765;21.814979;4.109413;,
  0.321367;22.127085;3.734353;,
  -0.166075;21.864475;3.803266;,
  0.810383;22.803730;2.911004;,
  1.787162;23.867634;1.927999;,
  2.135776;23.598664;2.650192;,
  2.640419;23.966606;2.358579;,
  2.778948;22.814661;2.847841;,
  3.516907;23.539194;2.443023;,
  3.900814;22.839157;2.265065;,
  1.216143;23.427704;1.979871;,
  1.534484;23.765550;1.732497;,
  4.117704;23.453674;1.643243;,
  4.095878;23.449142;1.240030;,
  2.906728;23.811579;1.806627;,
  1.954445;23.648168;1.390755;,
  1.537454;23.282766;1.341853;,
  0.390381;20.534672;3.663962;,
  -0.299570;20.442310;3.455532;,
  -0.516789;20.370728;3.254661;,
  -0.854596;20.798538;2.798977;,
  -0.757942;21.783795;2.502956;,
  -0.472337;20.920525;2.791992;,
  -0.985811;21.033634;2.970402;,
  -1.289009;20.711642;3.176128;,
  -0.959737;20.561966;3.077427;,
  -0.123837;20.492672;3.167403;,
  -0.854596;20.798538;2.798977;,
  0.704046;20.537846;3.635184;,
  0.516453;21.338248;4.221180;,
  -0.128498;21.093349;4.004626;,
  -0.166075;21.864475;3.803266;,
  -0.555396;21.500099;3.937584;,
  -0.685648;21.836411;3.530220;,
  -0.873397;21.316427;3.645115;,
  -0.999908;21.445002;3.337480;,
  -1.295182;20.959619;3.439291;,
  9.704401;38.343155;1.080140;,
  9.629320;38.790787;1.565213;,
  9.568466;38.314493;1.335945;,
  9.820385;38.734813;1.184759;,
  9.370754;38.406122;1.588981;,
  9.467873;38.033805;1.309180;,
  9.604138;38.007123;1.064268;,
  9.700294;38.084650;0.843236;,
  9.746601;38.308762;0.820965;,
  9.838538;38.572090;0.870230;,
  9.210982;38.467072;1.732173;,
  9.614777;38.862854;1.648320;,
  9.374409;37.975456;1.375731;,
  9.563610;37.845738;1.046563;,
  9.712994;37.902794;0.727695;,
  9.777136;38.177331;0.619989;,
  9.801746;38.299562;0.585941;,
  9.820986;38.432522;0.670863;,
  9.011790;38.180666;1.680595;,
  9.112230;37.995965;1.568398;,
  9.297169;37.793725;1.349492;,
  8.802038;37.806998;1.565046;,
  9.056444;37.570336;1.349989;,
  9.516218;37.653264;0.989371;,
  9.686945;37.703059;0.679936;,
  9.827318;38.061654;0.426498;,
  9.625973;37.517958;0.651177;,
  9.815117;37.748963;0.263655;,
  9.920977;38.112170;0.251780;,
  9.879320;38.324029;0.394557;,
  9.957609;38.459085;0.251918;,
  9.911206;38.543107;0.538198;,
  9.983066;38.677568;0.406506;,
  9.939370;38.707306;0.754233;,
  10.053984;38.884522;0.688023;,
  9.306787;37.417293;0.993274;,
  9.476641;37.300438;0.615963;,
  9.734007;37.485747;0.235381;,
  9.586418;37.234970;0.198760;,
  9.276224;37.105574;0.540687;,
  9.374334;37.024115;0.165464;,
  9.662060;37.215299;-0.223436;,
  9.823357;37.490480;-0.163576;,
  9.883327;37.659274;-0.123837;,
  9.940315;37.773216;-0.023177;,
  9.935795;37.734294;-0.108177;,
  9.456749;36.993270;-0.265902;,
  9.235598;37.012726;-0.243636;,
  8.973827;36.983379;0.191529;,
  8.802452;37.047942;0.487906;,
  9.073273;37.202323;0.871807;,
  8.480520;37.208381;0.800662;,
  8.734814;37.370086;1.240584;,
  8.106650;37.477027;1.133650;,
  8.420154;37.632774;1.427319;,
  8.199524;37.213997;0.545346;,
  7.454498;37.496560;0.899001;,
  7.633214;37.241235;0.518007;,
  8.585870;37.059594;0.300034;,
  8.781183;37.102179;-0.184867;,
  8.043552;37.968477;1.663721;,
  7.328774;38.004845;1.500590;,
  6.410656;38.288400;0.310938;,
  6.785434;37.707520;0.129110;,
  7.244751;37.404246;0.013730;,
  8.583750;38.481837;1.907493;,
  8.140339;39.306512;2.306166;,
  7.939783;38.466333;1.998267;,
  8.602514;38.089888;1.720920;,
  8.826315;38.971786;2.043849;,
  9.110178;39.843757;2.227096;,
  9.902933;39.230538;1.426183;,
  10.142566;39.262506;0.849581;,
  10.118210;39.732003;1.017395;,
  9.812536;39.598320;1.587410;,
  9.541643;39.046886;1.784353;,
  9.359474;39.366912;1.960354;,
  9.202753;38.732493;1.861175;,
  9.573011;40.053165;1.762044;,
  9.215982;40.493600;1.947954;,
  9.938654;40.227904;1.181811;,
  9.902561;38.965837;1.287538;,
  9.594740;38.940845;1.702563;,
  9.224676;38.582733;1.781870;,
  9.032810;38.456490;1.802073;,
  9.876238;38.879021;1.241467;,
  -0.756035;21.268666;3.273810;,
  -1.295182;20.959619;3.439291;,
  -0.999908;21.445002;3.337480;,
  -0.420226;21.804672;3.202862;,
  -0.685648;21.836411;3.530220;,
  0.266230;20.689805;2.854082;,
  -0.854596;20.798538;2.798977;,
  -0.472337;20.920525;2.791992;,
  -0.123837;20.492672;3.167403;,
  0.527214;20.797131;3.068989;,
  0.643014;20.693702;3.347924;,
  0.704046;20.537846;3.635184;,
  1.038793;21.040597;3.302259;,
  0.516453;21.338248;4.221180;,
  10.009884;38.769754;0.158388;,
  10.087830;38.959814;0.202328;,
  10.226481;39.288957;0.278134;,
  10.284445;39.835802;0.417450;,
  10.195438;40.413514;0.576284;,
  9.534475;40.682666;1.343431;,
  9.036438;41.077338;1.497404;,
  9.757054;40.910122;0.740884;,
  9.064425;41.350989;0.910543;,
  8.090010;36.508694;-0.874754;,
  8.073265;36.571450;-0.567186;,
  8.358810;36.587373;-0.743368;,
  7.919432;36.250838;-0.886437;,
  7.895750;36.339590;-0.451468;,
  7.947008;35.964909;-0.771579;,
  7.930264;36.027664;-0.464013;,
  8.156582;35.818368;-0.597462;,
  8.345940;36.412019;-1.029573;,
  8.358810;36.587373;-0.743368;,
  8.281374;36.114122;-1.105383;,
  8.202942;35.868234;-0.926402;,
  7.947008;35.964909;-0.771579;,
  8.156582;35.818368;-0.597462;,
  8.585133;36.378096;-0.876823;,
  8.345940;36.412019;-1.029573;,
  8.358810;36.587373;-0.743368;,
  8.619640;36.066150;-0.889363;,
  8.442133;35.834314;-0.773651;,
  8.156582;35.818368;-0.597462;,
  8.568388;36.440858;-0.569255;,
  8.358810;36.587373;-0.743368;,
  8.595962;36.154899;-0.454398;,
  8.425386;35.897072;-0.466081;,
  8.442133;35.834314;-0.773651;,
  8.156582;35.818368;-0.597462;,
  8.312456;36.537530;-0.414435;,
  8.568388;36.440858;-0.569255;,
  8.358810;36.587373;-0.743368;,
  8.234018;36.291622;-0.235447;,
  8.169457;35.993744;-0.311263;,
  8.156582;35.818368;-0.597462;,
  8.073265;36.571450;-0.567186;,
  8.358810;36.587373;-0.743368;,
  7.895750;36.339590;-0.451468;,
  7.930264;36.027664;-0.464013;,
  8.169457;35.993744;-0.311263;,
  8.156582;35.818368;-0.597462;,
  6.450788;41.171200;2.821494;,
  6.556509;40.444976;3.262930;,
  7.151731;40.880394;3.376439;,
  6.031153;40.683776;2.769132;,
  5.811220;39.811677;2.576025;,
  5.781552;40.868867;2.336931;,
  6.003620;41.485834;1.937754;,
  5.293950;41.085731;1.091505;,
  5.769124;41.803280;1.250052;,
  5.444275;40.875146;1.627703;,
  5.144170;40.141152;0.837106;,
  5.380567;41.197190;0.461360;,
  5.856979;41.912032;0.414955;,
  7.002985;41.609360;-1.955150;,
  7.389674;42.209549;-1.654188;,
  7.347382;41.683709;-2.231466;,
  6.864526;42.100685;-1.289982;,
  7.159018;42.480813;-0.585695;,
  6.092202;42.039712;-0.438384;,
  6.536819;42.435914;-0.130328;,
  6.280977;42.370032;0.713542;,
  6.256150;42.273139;1.367784;,
  7.991339;42.193309;-1.931438;,
  6.974575;41.613456;2.792263;,
  8.033060;40.598189;3.871257;,
  7.881184;41.555869;3.189057;,
  8.007328;42.501770;2.255348;,
  7.083968;42.544106;1.841928;,
  6.402372;42.016080;1.925694;,
  7.018356;42.751648;1.065083;,
  7.020523;42.709472;0.099715;,
  8.042875;42.801706;1.103773;,
  7.634811;42.777878;0.142483;,
  8.260343;43.008362;0.798017;,
  8.767746;42.941834;0.953771;,
  8.615379;42.878371;-0.152252;,
  9.310410;42.624352;0.780622;,
  9.247126;42.501149;-0.236222;,
  9.719376;42.024602;-0.290164;,
  9.367441;41.927123;-1.205955;,
  10.224712;41.821597;-0.443226;,
  10.612490;41.406106;1.041261;,
  10.989687;41.488426;0.561828;,
  10.448466;41.772454;0.618346;,
  9.973921;41.915184;0.745027;,
  9.663938;42.085875;0.763075;,
  9.289913;42.393203;1.224120;,
  8.751419;42.537734;1.477533;,
  10.000540;41.825722;1.954963;,
  9.154442;42.040291;2.090032;,
  9.734791;42.246826;1.187118;,
  10.572607;41.201552;1.591325;,
  11.103442;41.201248;1.013885;,
  11.093355;40.952582;1.482434;,
  8.741472;42.356515;2.405298;,
  8.750580;41.464848;3.280250;,
  9.122530;41.266336;2.992510;,
  10.049397;41.119920;2.814824;,
  10.502734;40.748160;2.238033;,
  11.055351;40.669136;1.926286;,
  11.005182;40.434976;1.374159;,
  11.172516;41.073859;0.634737;,
  11.174890;39.401482;0.971888;,
  10.799375;39.876675;1.476090;,
  10.840830;39.503094;1.403969;,
  11.253678;39.997315;1.071605;,
  11.160757;40.398515;1.052744;,
  11.276680;40.764480;0.425818;,
  11.148625;40.707360;-0.120553;,
  10.870407;41.438592;-0.467591;,
  10.876270;40.872106;-0.288019;,
  11.152718;40.402826;-0.418574;,
  11.327753;40.269142;0.136224;,
  11.238034;39.547098;0.010981;,
  10.698280;40.468688;-0.600252;,
  10.682705;40.092714;-0.737948;,
  10.981217;39.364035;-0.548388;,
  11.050829;39.863306;-0.565519;,
  10.977644;38.958291;0.047952;,
  10.959334;39.014157;0.789353;,
  10.721136;39.130698;1.163154;,
  10.743910;38.803734;0.685034;,
  10.390783;38.366227;0.338768;,
  10.597977;39.026605;-0.371546;,
  10.576715;39.604448;-0.751980;,
  9.920870;40.385814;3.299174;,
  10.151902;39.566352;2.881988;,
  10.356694;40.063424;2.600110;,
  9.739632;39.702134;3.576738;,
  9.604406;38.828240;3.336870;,
  9.148424;40.465898;3.577475;,
  9.080459;39.726134;3.755582;,
  9.370950;38.862045;3.671123;,
  8.563692;37.994179;3.505732;,
  8.897894;38.956214;3.830073;,
  10.594452;39.577078;2.571149;,
  10.807060;40.019875;2.367101;,
  10.219652;39.655366;2.744259;,
  9.842518;38.981750;2.826398;,
  10.169733;38.909706;2.342063;,
  10.106600;38.925248;2.672870;,
  9.324783;38.212426;2.502998;,
  10.606062;39.487613;2.091845;,
  10.804374;39.868790;1.842251;,
  10.602472;39.393958;1.776056;,
  10.649765;39.409440;1.544532;,
  10.201904;39.025517;1.580443;,
  8.251677;39.747168;4.125152;,
  8.569595;40.528237;3.907124;,
  8.439834;42.715226;1.818658;,
  8.750580;41.464848;3.280250;,
  10.682705;40.092714;-0.737948;,
  10.275871;40.028557;-0.406316;,
  10.698280;40.468688;-0.600252;,
  10.279166;39.619926;-0.464770;,
  10.189522;39.944890;0.351568;,
  10.576715;39.604448;-0.751980;,
  10.840830;39.503094;1.403969;,
  10.799375;39.876675;1.476090;,
  10.386414;39.687469;1.149646;,
  10.721136;39.130698;1.163154;,
  10.413500;39.231904;0.975770;,
  10.204178;39.492896;0.239963;,
  10.436697;39.012355;-0.302299;,
  10.597977;39.026605;-0.371546;,
  10.390783;38.366227;0.338768;,
  10.356661;38.926362;0.187955;,
  10.461811;38.847190;0.541773;,
  10.743910;38.803734;0.685034;,
  9.639576;41.223946;-1.815918;,
  9.080135;41.530211;-1.996940;,
  9.982475;41.612762;-1.210986;,
  10.060411;40.953965;-1.570939;,
  10.436993;40.754890;-1.261799;,
  9.953257;40.543766;-1.632017;,
  10.149346;40.351357;-1.528012;,
  9.584225;40.128112;-2.011660;,
  10.303166;40.183616;-1.322248;,
  10.676443;40.582122;-0.886638;,
  10.660744;41.175462;-0.952575;,
  10.592449;40.069642;-0.923008;,
  10.502014;40.176486;-1.129417;,
  10.260271;39.844963;-1.397058;,
  9.021145;42.229904;-1.211564;,
  8.624058;41.835814;-2.066966;,
  8.195473;41.174730;-2.540113;,
  8.034634;41.389779;-2.528647;,
  7.670502;41.602234;-2.419932;,
  7.492209;41.151398;-2.929632;,
  8.350794;42.597658;-1.116108;,
  7.710222;42.637984;-0.854725;,
  8.064962;42.950157;0.016198;,
  1.781659;24.498200;1.849125;,
  1.502990;24.240022;1.970959;,
  1.591615;24.277699;1.492477;,
  6.527483;37.568013;-0.802893;,
  6.714970;37.573533;-1.038449;,
  6.227955;37.697366;-0.985787;,
  6.729185;37.568573;-0.700800;,
  6.937850;37.596394;-1.040917;,
  5.960439;35.853549;0.981885;,
  5.432173;36.522970;0.979078;,
  5.596103;36.052054;0.923495;,
  6.558568;46.979386;-0.919035;,
  6.124466;45.677901;-1.785626;,
  6.318452;47.088515;-1.185895;,
  6.617364;45.599862;-1.159655;,
  6.463881;44.529146;-2.004068;,
  7.043710;44.738976;-1.201052;,
  7.407559;43.578202;-1.952300;,
  7.700117;43.878029;-1.129112;,
  8.391024;43.294403;-1.033673;,
  8.238207;43.066042;-1.869982;,
  7.170296;43.569482;-1.235010;,
  8.114687;43.072925;-1.013425;,
  6.278644;44.484848;-1.405949;,
  6.047742;45.490922;-1.299052;,
  6.177575;46.917866;-0.930532;,
  6.812646;48.824960;-0.315567;,
  8.980866;42.773926;-0.773565;,
  8.903186;42.501850;-1.483286;,
  9.611565;42.203754;-0.541287;,
  9.535879;42.036675;-1.093415;,
  10.289458;41.433731;-0.293484;,
  9.130882;42.280547;-0.520354;,
  8.731766;42.561776;-0.746855;,
  10.150091;39.121203;-0.679417;,
  9.817970;39.300973;-0.964617;,
  10.136990;39.448726;-0.829626;,
  9.590139;39.636208;-1.093700;,
  10.078589;39.752224;-0.874198;,
  10.115072;40.425626;-0.783036;,
  9.494225;40.265414;-1.050431;,
  10.636957;40.427421;-0.618108;,
  10.035597;39.656960;-0.859134;,
  9.796465;40.128512;-0.833748;,
  10.388832;39.789626;-0.706964;,
  10.254742;39.345478;-0.623753;,
  5.432173;36.522970;0.979078;,
  5.960439;35.853549;0.981885;,
  6.117717;36.524096;0.866869;,
  9.510136;38.945427;-1.055690;,
  9.612163;38.516410;-0.944967;,
  9.293127;38.838128;-1.209667;,
  9.408409;39.556570;-1.399555;,
  9.583530;39.502349;-1.053117;,
  9.796465;40.128512;-0.833748;,
  9.649879;40.258323;-1.276861;,
  8.865820;39.123885;-1.015333;,
  8.893452;38.661526;-1.617110;,
  8.757879;39.077005;-1.765240;,
  8.978300;38.625328;-1.218163;,
  9.191313;38.205245;-1.200046;,
  9.040449;38.118058;-1.433909;,
  9.429994;37.693162;-1.067890;,
  10.597498;40.219661;-0.512888;,
  10.159258;39.923997;-0.657848;,
  10.097561;40.317834;-0.601587;,
  10.510222;39.919235;-0.576507;,
  10.364941;39.479718;-0.536737;,
  7.854870;35.730301;2.564535;,
  7.584477;36.291843;1.888728;,
  7.552190;35.606950;2.009189;,
  9.919614;40.522381;-1.207439;,
  9.591650;40.427504;-1.565939;,
  9.646105;40.811248;-1.463497;,
  9.833145;40.299126;-1.380112;,
  9.710934;39.903350;-1.524649;,
  7.584477;36.291843;1.888728;,
  7.854870;35.730301;2.564535;,
  7.886296;36.200090;2.737824;,
  6.152462;34.083942;0.456839;,
  5.158408;34.816122;1.018009;,
  5.549912;33.890525;0.812063;,
  5.689900;35.369802;0.656820;,
  6.152462;34.083942;0.456839;,
  5.115085;34.278576;0.665388;,
  5.745809;35.023837;0.051380;,
  5.549912;33.890525;0.812063;,
  4.285563;32.408966;1.219845;,
  4.093060;32.594659;1.015056;,
  5.158408;34.816122;1.018009;,
  5.689900;35.369802;0.656820;,
  3.570987;34.533165;1.606972;,
  3.524231;34.321786;1.303050;,
  2.077538;32.764656;1.537093;,
  2.439677;31.035968;1.383654;,
  -0.162778;31.668240;1.965900;,
  0.029324;30.000966;1.992303;,
  -3.957841;30.117565;2.807009;,
  -1.285012;33.392691;2.290469;,
